2927
12975
59327
56737
34694
64114
84666
56224
47156
31753
60912
40768
59437
53909
38734
46810
11705
56265
47893
55637
56384
22438
7558
93118
19147
34573
89083
86622
39975
24026
7857
89757
81009
48252
28646
41152
8171
53282
12726
2106
45530
54595
62654
77818
5523
47459
27203
92588
7537
36091
17666
21714
74263
92148
69530
54203
71340
3273
73024
46198
23754
42042
92809
30371
80785
96102
6013
89307
25410
22322
29509
11024
17700
70784
23789
81286
24761
41935
8464
4008
71126
28532
2959
70174
71987
12884
63193
97549
82467
38483
63919
26478
75581
20705
61959
63481
24012
75579
93544
47747