10096
2125
4008
43339
18971
28859
5677
16433
10051
164
10996
24546
27196
15271
48173
24478
22110
25862
22781
21441
1882
44690
44145
39319
27895
24503
13527
1849
10133
49258
6707
41040
3190
7963
23052
17890
23134
8479
26894
21676
23969
1724
16555
30251
28979
27046
9718
5302
36475
5947
24568
45094
27545
12535
28860
36680
12388
18187
47925
10135
2289
28797
14731
31221
12359
14471
13121
7052
6425
3578
8268
22081
7092
29127
46273
12507
13143
7890
24802
2160
42999
19017
41058
5227
27129
43737
26524
31388
30208
17397
19865
11267
10217
48020
18212
29848
40976
49961
26197
23219