24562
15636
17458
12070
14111
11913
10840
24556
17548
14161
7592
1305
22477
4898
12681
23458
4878
5864
2936
13119
3488
8641
13417
9750
11295
2454
9912
5595
18198
19167
13755
23228
10212
7111
7646
14975
6714
2349
377
24235
6447
14929
10286
2732
9297
23559
18999
21413
21622
4160
13862
6184
23801
12172
15659
1063
3586
16741
11311
6567
10438
16055
2735
23639
10342
10859
20368
3312
7173
1032
22213
73
14339
12530
19054
15428
10042
6512
12895
13210
15882
17412
6266
5244
20069
24435
15633
18266
6776
3397
22043
2980
5493
13972
11319
20429
24120
24669
8059
24198