124676
125750
75471
197758
240205
63393
93328
108246
454512
251069
467249
437189
149374
296087
266897
74967
440757
405141
473518
278565
279614
429987
253812
440390
184562
132974
47132
447462
343941
16532
34087
96050
414195
59911
172618
212850
159560
271988
210585
160936
240891
357376
296334
52662
103236
48935
367584
269380
484703
222119
281953
17533
34445
350057
491007
24615
266090
329452
404399
360926
228527
286573
114446
399259
339539
78164
358939
205011
160734
332563
202112
177005
133293
38716
192897
34058
12782
386941
187735
408677
144743
194707
131373
55247
408233
429753
419332
403528
445317
211054
191690
435146
192249
39815
377859
5373
420426
414651
230686
180317