15909
120386
225731
54601
82670
189666
204552
146064
91685
207123
59682
23437
93561
7386
110481
222491
128768
110990
199479
56920
90678
131134
173858
158714
72534
83412
117611
164229
57175
139259
159264
168410
9862
35006
205366
71406
159267
106428
123943
12408
233356
64688
217238
76590
184196
184828
135850
111162
199634
134953
183764
160360
44824
208295
21565
64762
194241
157483
132240
121321
232305
144210
176384
80898
140758
231962
177580
126101
43154
151866
225625
162591
73116
62372
188132
228140
139872
106117
147251
198905
18170
19484
138368
51900
86781
36501
197238
181611
75100
201895
184392
54903
57306
56816
232407
226158
237294
210921
103939
69844