1336
3590
1458
3013
3558
4703
4292
1423
3339
4097
4588
125
2188
3993
1992
173
3078
4532
557
324
793
3395
1152
1711
1232
1672
4797
4910
4548
3362
3458
636
1769
3468
2846
1510
1318
3719
1750
2656
224
3343
187
1471
4547
3161
2137
3573
2273
1858
3106
4029
1076
1430
3812
38
2788
1091
3207
3554
4219
2311
660
3936
393
2218
1462
3898
4299
228
2142
688
1726
4023
3268
1110
3906
2296
573
755
2878
4901
4535
738
1603
881
4817
501
4593
1798
530
40
4866
2564
4404
4452
792
4295
1287
2572