7450
383
6616
6813
1280
3111
3066
5493
2248
3354
6515
7042
7125
731
6391
3762
9777
5290
7109
5821
2417
8172
9754
8556
1039
586
9134
6635
2995
8734
841
8102
7170
8711
678
3339
1841
8083
9196
4221
9332
4780
2053
6347
4763
1086
5191
9685
6943
7789
1732
3958
19
5524
3907
3879
471
829
7227
1178
1867
1712
5861
5929
3835
6854
355
6655
3588
2370
6602
2464
368
1484
5602
6402
9157
2568
4150
3195
5810
6603
5264
4901
6103
1670
425
6180
3754
7076
205
1491
9711
8240
7859
3086
5429
168
9210
3681
4213
476
2514
7258
8610
5295
1741
5490
487
2576
5658
338
3136
2662
1060
5423
3868
8432
7952
2860
8808
3902
7675
2686
3220
6631
7344
9583
4349
248
4391
2737
6222
3447
1905
2139
2272
9391
9216
581
1951
6215
1540
8427
3247
3397
1481
8442
7768
7866
7632
8058
4951
5999
4452
6928
6719
8562
641
6974
9198
241
7927
6687
7263
2024
3258
8059
8776
2001
4583
6254
7720
296
2753
3323
2017
8055
3158
9592
6795
6497
9927
1243
1767
7604
7273
8786
2559
4097
1052
2746
7862
2901
6749
7863
4886
8725
7770
5278
7405
931
5370
3596
5650
8671
5687
4505
8637
8409
989
1699
403
3098
6079
557
1323
7431
4046
6163
1087
9388
8516
4451
3050
9234
4472
1220
3710
6876
8876
1787
8105
8642
5202
1658
4577
7402
584
8143
5184
1566
806
8175
5985
1632
7989
2807
3827
7026
1825
7536
1415
2690
2462
474
6280
9073
9673
7884
7063
6035
9291
5588
7122
9107
5799
3584
4340
692
5048
7582
1925
3002
2146
7912
2433
4371
8589
1865
3036
3236
8599
3486
8607
6696
1235
9979
1733
2830
1748
8308
3672
1694
7231
1029
8614
8245
6167
3187
9174
9048
5234
4845
3885
420
9549
3044
3631
384
8310
1503
1512
4372
2668
6304
9218
2138
7579
9194
3897
2801
8646
4919
7395
7612
6910
4266
6142
307
3231
7700
1010
2357
1813
363
8141
4233
2812
6357
1129
9888
7774
6762
6874
973
1293
1251
4532
6382
4567
6535
5047
261
5943
3253
9230
2151
1007
2895
5454
3499
6319
2278
3688
1035
2524
295
8497
4556
1806
5257
662
4157
8889
7340
9965
1878
8390
2212
7706
9429
8541
5279
7212
5807
4941
5993
2817
6130
6596
4377
9077
6188
5760
1278
574
7403
6621
1330
80
4013
6858
3455
3538
8005
7825
4527
775
6505
6615
9478
3913
8651
1551
8978
2105
9483
9795
9853
3117
302
9877
7156
5501
5759
4871
7335
6925
132
7578
8394
8157
8297
7854
1528
6471
2888
3428
5561
4193
4876
5754
4524
3099
3430
708
5842
9676
4488
226
3174
179
1386
6399
6184
2400
9475
1662
7148
3148
3
6491
5646
5230
7171
9771
9116
4682
1053
499
2984
793
8395
67
4169
869
6705
1205
4500
3462
4584
6363
7751
9839
6782
7957
8117
5374
7776
2240
7951
2873
5489
4747
3713
7540
5508
1383
580
8388
4840
2226
3952
218
6830
113
8379
9390
5314
6418
2728
9825
5704
9573
4675
2412
2
2496
1315
546
4419
9905
602
7826
2326
1562
7537
7601
7646
4211
2110
1815
306
2849
6486
5689
4516
5957
7041
6652
5051
762
704
2508
5847
9471
160
1892
4716
4869
1922
9745
6320
310
7680
1643
452
1181
3578
1066
1916
7236
6536
5102
737
6412
7332
9625
9629
3319
5682
7386
4890
8184
7623
7400
3080
5741
3639
5112
7378
353
5498
5317
4712
8164
3457
3867
3659
4180
8816
8099
4726
9524
1696
5773
9222
3498
6098
5765
9013
5094
6697
91
3369
8885
2974
4379
4518
4824
6002
8624
3418
9045
2264
1376
947
6331
2271
3042
6051
8721
5000
8839
270
5347
5025
7164
1143
445
9693
5743
734
5806
1478
827
6849
6105
813
5596
5540
8574
618
457
5071
3206
5570
4855
9586
8110
483
5967
8937
485
4935
642
9476
8954
8033
8424
8664
4247
6154
7943
1920
4858
2285
8203
9482
2970
424
7899
8453
2938
7367
1944
8451
7629
7490
3951
5835
4534
1960
4351
5676
3797
8909
1845
6195
2956
4040
8506
3368
4973
4222
3950
9485
5579
9721
7353
6691
9541
5154
5318
9957
3547
147
4740
2975
4569
3613
4191
4619
97
5140
7505
854
3420
8193
3177
7924
7900
9436
7043
192
5934
7869
2505
8891
6297
2103
3789
5471
6926
6138
1030
8158
8576
7799
5654
6785
6121
6932
505
6892
2741
5827
4063
5106
8526
4823
57
821
3856
2869
9983
2896
1731
61
8431
8688
3684
7310
2332
2516
4006
435
8874
5850
2265
6101
8984
3474
3540
78
4898
676
4071
491
7689
9569
8347
1440
2284
7144
5657
3225
5059
3126
6004
3935
3989
7847
9814
4943
9489
5916
7047
5718
2546
7055
7841
7829
8021
4278
1794
8063
2292
7370
9883
2607
9449
9019
4553
3506
3604
6291
3593
2431
4463
5226
9167
4439
555
9842
4053
4353
3088
1476
5875
9352
5244
5783
3102
999
3549
1759
7806
2927
8339
6667
9679
3507
4059
3493
7888
5180
9662
507
5479
649
9553
9950
4129
6055
6257
9603
7281
8075
49
4421
2474
6126
8756
8685
298
1843
7803
5849
2182
7677
9668
7079
7881
3526
7159
9382
9408
3502
6512
1751
2228
1572
4299
2531
750
4352
4187
3821
6334
8004
3062
9273
3469
480
9890
9831
1477
4909
2261
6958
3863
2571
3442
2206
5717
5433
2687
8042
1213
8988
8898
1233
4478
8002
8474
3072
3176
5445
9002
5316
1516
583
56
6671
8881
6861
3899
8631
2681
6664
5476
1339
4194
4561
4232
3611
4884
9997
8484
2704
4252
7185
1200
6832
3085
3892
4416
2175
8883
6732
5053
3460
9836
6769
8595
4602
3848
3833
3003
385
2852
1471
3799
7101
6821
8592
8564
5883
5882
7971
1331
8760
3592
4358
4184
6530
8324
1445
7744
6796
1036
2596
9962
9030
6179
4881
5674
3298
6236
5637
1024
348
4757
4661
1365
351
4336
5008