63340
58971
51
85145
30702
27688
80977
35785
28947
18241
79225
17953
22836
64836
76027
44490
73685
85012
83524
16994
86502
78267
31260
73948
32405
65269
70291
9180
247
65978
35057
31561
67523
56032
76680
90567
99879
57406
65958
48342
52866
69819
69944
89042
48430
97234
79682
99366
3351
93809
3696
97170
70895
59495
40984
97717
45453
72992
41481
51591
30055
86776
15533
82806
42433
71521
27118
36799
7139
9790
20952
94652
86115
29822
68026
46899
66778
1469
82658
92599
45028
56430
92216
68548
63974
92822
60450
32891
57843
45398
74622
3021
96527
93089
96576
22972
72567
56369
69590
40236
23910
41963
65483
57381
38367
53746
43604
11000
84508
58572
67024
41158
84411
21900
76847
22119
18566
78509
48619
58496
46622
5641
96849
31706
4240
6956
87877
77214
78864
79102
76447
83821
81014
37183
26157
2958
26975
86055
35021
40972
60401
69850
81166
58807
24048
1488
6240
65164
67333
54560
78650
96017
98585
56067
19087
54789
20893
10906
95072
20879
27212
16325
3159
94583
41344
43975
83782
48082
38126
70152
99473
5222
35224
52161
90799
84435
47095
75102
45797
86826
72633
50396
72428
48866
39156
24336
3453
91299
74554
77586
27844
39187
31741
56808
82561
66726
41166
41177
93615
37177
1360
78022
36710
43639
63644
76850
2223
43686
25953
382
4011
36603
97975
88403
72634
87947
7471
36790
9258
65985
63472
72452
40170
47132
85282
39609
15778
51548
47007
49096
63647
2181
79452
24160
4001
45498
99621
68914
14747
87030
12341
37732
11743
28615
26751
41210
41696
4218
67263
92989
10965
19491
28407
41576
91980
11494
28694
38735
93134
8876
3344
75767
51229
18715
95784
82619
93724
92818
66748
84353
48536
11792
66032
79384
2396
12423
83794
27260
11902
31990
57171
19748
95899
28629
51420
51162
45117
7371
93824
77954
6462
15988
99668
69068
58835
9387
25629
43208
81374
27489
6757
54321
47598
11134
77797
34752
32949
63246
11259
46036
93602
39142
97246
57927
41085
75674
46415
66498
28880
95171
26274
44237
86982
6934
24204
69786
19767
73051
50324
62541
45143
27752
82681
21295
11057
59888
58763
74408
23497
49729
13607
1652
84376
58527
55136
71632
94462
98416
1115
42494
82557
28340
19010
39542
93988
31166
47024
53913
78846
69454
53206
10104
2419
94134
14923
19996
92999
95966
16582
93260
96446
51895
52712
55173
86731
69544
8199
54229
1164
74650
50860
96881
57290
29524
1477
72544
23043
93734
49020
89613
31489
18100
88095
61557
8092
65235
92067
3116
69184
88592
81822
50420
55417
2482
53268
95634
39536
51894
73569
45546
42323
57909
41174
44738
45149
35581
92057
35240
60600
67559
46764
66039
97279
31988
46847
47025
8537
42931
71453
68324
513
35210
69530
96569
2013
84969
21392
69241
9228
66170
57723
39186
65459
84610
6369
21302
23784
6695
28744
73115
8714
13374
71104
89118
51512
52174
63785
29752
15606
60408
66310
51111
38365
53221
51952
90836
49218
60835
11441
26271
87576
18446
93263
85398
51009
91398
3624
95127
64034
99210
17033
11319
46315
59498
36397
12471
75311
31900
3447
9898
67157
57963
62321
12161
58238
90517
26652
27209
36294
35558
46205
61840
88922
27259
89066
78373
74181
2010
71016
76011
6060
18040
73296
60158
17230
16678
31752
15712
61879
38763
11204
66612
15098
2380
12696
84785
78194
69502
28417
76895
8897
6378
34761
44955
35936
91066
43421
2379
44947
94814
30285
36325
83962
54332
59055
80969
40715
23862
48438
27743
82937
65351
16355
46895
75294
40430
67850
87969
7581
94988
99778
2745
78836
11293
95011
60028
12374
55429
86587
44360
12130
55739
93957
54246
6920
59930
49131
56651
48792
96479
37283
56393
6420
78548
60421
61806
28388
54166
19035
23441
72118
57707
4508
32493
70323
76797
13837
92272
48372
81714
20081
21607
53292
97621
59211
9623
91216
18092
57027
34810
22759
59683
66166
48195
59858
46241
94649
83661
81773
86345
35400
20602
542
78042
73521
82340
81511
51102
82767
78652
42383
72198
26417
45370
53688
9116
18069
22530
72390
82139
8284
61209
26080
64750
32119
67645
19984
52320
26840
95619
55227
30589
25686
77028
30715
70879
60372
62305
76762
9757
76950
28023
92781
25290
25751
59078
28945
31364
46518
20126
20789
20117
66447
7405
17426
98308
28001
17060
89108
88481
3440
74800
7993
50383
71666
43580
13703
70121
87234
92109
18975
620
98995
26346
11567
85719
21889
58679
56717
23427
12148
52185
33300
24921
61925
43010
97499
86336
34963
82798
39243
43571
70848
59521
52293
52552
51074
54811
6279
95079
85194
78111
51371
84973
26241
4244
9270
56232
94749
23284
62580
82943
6214
33542
66883
65176
95850
60910
72939
92763
654
99531
8751
24422
90590
88833
16329
17751
36018
97316
22501
29335
11084
95449
73693
21572
28263
76979
77006
31769
87654
62436
37470
43411
16579
50093
5379
18861
99115
25596
94836
63871
98941
64927
39635
76164
74855
353
5609
43488
75792
68153
33255
51156
90917
73669
4365
59494
56316
62789
99599
10131
50614
35339
43222
23961
24562
50111
86858
82221
9697
52258
67983
57264
24855
12121
45506
54827
41847
21520
69657
84492
11038
82296
2382
74500
79289
51155
46177
63180
1122
18403
32496
26160
78571
35273
62514
58671
7827
82058
69384
82276
19801
47709
51988
35494
64665
77876
97239
58393
36316
43404
45552
73348
14466
70031
68848
61523
28167
24554
61072
9640
8803
43989
13754
91373
31575
77889
70530
53662
88386
22420
8049
89583
58789
33752
69967
30166
68549
65549
80737
25228
81884
44171
20621
83787
4177
32576
4019
41131
85249
91580
4437
35417
2535
56615
35761
2230
15819
79539
40785
84143
88384
12331
12692
40150
95564
58445
4140
599
17199
6597
27232
80458
47652
75553
80512
13582
2543
43987
55957
69073
2262
60909
64064
76573
98575
32076
95695
96411
23894
19779
96424
11882
98041
94417
91011
85195
56947
11051
16362
29443
7777
28977
94957
15145
21101
75137
77181
85585
58947
48776
48044
23382
1296
12999
94297
31953
11885
44840
65028
65492
87613
49171
4367
10908
9229
56442
92995
1425
89717
11814
51946
5236
21529
70380
30267
9776
52114
47720
45044
88926
5579
4905
15903
14197
21614
87500
39548
38165
72898
36115
74723
82704
38203
40643
55067
51726
62828
86248
46118
24247
29333
70301
17763
57236
81046
68138
83431
55296
14955
46300
85993
35119
72577
61838
25567
17339
24180
82686
59384
15022
39794
19910
82660
84042
2733
30082
5584
21873
17403
36253
12286
42774
13460
66551
44842
10101
40648
77168
49951
28207
99294
31526
10735
72538
10305
7818
37780
47708
55776
80759
64830
99170
69854
5602
95083
81833
3328
77895
84540
72584
45396
23729
65143
17404
28198
6636
12575
31152
5030
48478
77344
81561
18086
80540
9111
12074
27717
93773
80471
81908
87015
28142
9246
64586
26525
3619
45035
25460
32672
82746
21596
74255
42371
39598
51984
98021
11434
17038
60453
36654
65562
3617
13048
64840
36224
6655
75633
14802
95406
76297
20328
58089
37987
68270
6372
93193
66089
79765
44061
82622
33853
17498
97395
73525
2522
900
77288
87176
38574
12470
28044
47874
57949
78666
85300
78950
44271
31388
30051
98442
97131
21826
52778
56443
25289
78552
1933
7083
72913
31222
84587
56295
12201
9797
54829
89670
46156
358
88979
90114
18062
10728
30430
94938
1873
37956
28259
66033
9514
68905
56888
72084
74701
53699
44446
46240
22843
93383
12884
30346
72321
27319
72023
18895
8366
77493
78281
47074
63861
22953
93860
29903
7940
31913
61061
93161
15634
537
72982
85243
70377
40020
21805
68062
59286
17696
87920
30238
46664
10862
68010
18245
88905
5916
91277
10071
79877
83414
32299
90160
21597
55569
65207
69918
40200
89115
67599
67403
37721
82273
57600
76639
22151
1681
79815
65888
2644
20132
85825
99709
89473
21976
77353
27590
1211
61236
5182
73883
39279
18722
21809
92576
12399
75287
91728
72539
32557
21796
85344
42862
69191
41543
92489
53279
81775
26093
82968
6679
35409
42893
87555
46771
94702
14837
31389
19824
63309
13230
87922
47926
610
73851
11833
25004
91326
83514
7339
13403
13257
39521
80846
96333
38956
15754
25551
62106
95176
29621
41059
21253
50568
34489
49861
74922
47140
45132
99553
99243
71485
11693
36984
78155
77021
49795
77171
2462
26288
74545
39951
28080
84150
67562
22095
28187
73256
41128
97141
65313
11006
97343
91913
86397
32286
35686
32339
79081
41130
94229
33256
76982
4481
93094
28428
81836
50588
4211
19583
19335
98622
57421
55278
8431
88506
21325
1049
83187
73582
82397
73906
72354
60968
57746
13271
75359
64940
21793
82844
11598
53464
24485
71467
18013
80783
61028
19060
90872
95716
91278
64096
50598
4887
99107
63613
44058
82208
78837
81407
86618
9817
25825
96912
34442
61234
80112
74430
32972
82285
51120
59326
96768
14924
83407
22388
12086
90701
97473
24446
62559
35350
81694
55648
51288
33112
96600
59768
44189
38598
31855
43729
93856
56415
71002
34530
66888
73229
17745
36470
58469
9488
64664
30709
99720
45260
38310
17724
50985
19215
73169
47907
98033
41739
75549
15459
65100
47741
35814
85400
57674
21427
20003
2361
77759
5924
67159
74079
7009
94636
3332
15981
79734
80892
57885
90488
83717
20380
93115
18080
10982
85900
81322
47662
20219
71126
93270
4935
31589
69128
89773
88960
8858
33358
462
87408
69333
93121
45032
87662
90777
42052
11078
15096
94276
53803
44790
93216
83408
1879
26026
61208
96838
70561
23414
12550
24080
17325
45230
53839
78084
10279
18466
42121
93095
87189
68975
29139
50857
2984
84543
34725
79024
61764
51561
50946
17049
70258
36586
45182
90793
43650
644
66950
95836
89538
21991
53025
39078
96101
80650
37125
93442
98501
62199
73433
78086
52397
30217
66669
39139
96626
62165
7366
66333
17862
99646
88551
35356
2246
84777
17447
89205
25206
35742
65249
83840
3580
58924
43357
67799
17955
44909
12584
69542
20451
2772
1005
69928
97511
11870
33573
19754
90657
96548
56102
49960
22956
26440
85426
34500
47198
74638
40198
35515
53983
10621
11049
64549
62958
17738
42703
39946
40614
85977
72674
12221
2857
75755
53210
18039
58208
55847
59289
98513
19644
87611
40387
93384
20722
54957
55843
80824
53847
62206
10332
75723
45919
90892
99498
27745
39162
30491
34017
42192
13764
92056
32954
57283
29268
35750
85726
89821
14772
79307
40594
60490
28201
94121
56779
26669
99557
23324
70570
75006
20619
54066
77830
15404
57333
35945
98942
90196
27865
91113
30578
58613
82222
48944
28828
85014
9581
41776
27409
92707
74717
2314
21502
7143
42817
12120
93737
67640
67003
71370
76629
45602
63140
43253
23527
36296
12972
83216
85764
36611
20202
48801
12842
6604
36646
19580
87506
57083
26614
18710
14053
7195
44522
47084
29277
11258
50650
10609
30607
28149
80440
31047
24125
77188
22786
80638
65506
79899
88120
33777
21297
91005
30703
81681
5301
26366
45094
34349
24627
58341
57352
9393
45141
99883
27307
584
49017
20460
21937
83777
75020
19618
15528
26396
39844
59423
98606
6196
19014
64145
71669
92658
13882
73746
80325
46360
51438
2536
73067
48862
30684
45128
98641
71079
73165
53571
52625
20177
4824
36814
83530
87955
5859
36322
535
10638
15598
69869
64847
98723
95039
70191
82608
96555
20878
14966
36559
21814
53212
23308
13159
96197
89431
83561
43200
81563
77744
11476
63765
72818
46140
25589
53484
34865
72047
1078
45345
29068
42184
97529
57471
56456
49092
46805
35585
90732
72797
31014
98578
26604
40944
29997
928
22413
82301
82730
36288
91181
85846
56647
36721
84403
6162
10173
26469
68019
93999
78325
98162
27365
50731
75609
88976
65199
61267
3452
28719
8806
54956
42442
53648
34632
63556
6226
72229
30562
77956
14997
75225
36174
31490
85091
49469
84384
35552
59010
62092
25861
61423
17235
9978
64813
45334
7470
91217
9751
34260
67371
78125
47176
31897
3793
83597
4021
38405
47550
81188
91899
77004
18277
50194
65531
76886
38614
71543
77646
40638
350
71899
95588
45699
42216
27305
8910
89621
49499
74376
64342
98912
31053
46532
27666
34808
30313
69986
22408
89100
36150
29282
26015
71932
54485
9363
77274
17336
24117
79401
85601
70155
47348
29709
18068
97829
34258
69402
55805
85669
35150
51802
10750
56765
88712
90924
81048
66540
33020
50345
52227
84688
6586
31604
23042
34296
25374
37681
35168
29777
1020
84944
25144
94296
70689
88066
62389
14124
60629
6291
50550
97232
22691
88390
46705
29111
46105
64983
46839
43636
58373
98145
9277
27063
94679
80888
78459
31298
352
809
60153
96585
86494
25503
99014
24431
11080
85935
11104
99157
81539
89348
93304
77636
6305
45451
96110
37856
97778
82602
19967
19586
18693
5958
81722
61243
29616
29973
46175
9373
22591
50080
57202
42102
41723
23238
90045
34561
96922
96750
53054
93769
81356
94192
92196
77332
16618
7269
82136
57784
94745
40130
33167
39620
74384
526
62706
18922
93122
51834
2653
42512
64722
79995
94890
38337
7160
35682
36779
46801
95409
14864
25522
80443
6043
13200
96170
14294
67504
76488
46787
49095
61051
77497
36017
87826
87677
788
29878
42374
70367
31713
69106
62783
54667
68002
22034
43840
10691
86191
14766
43764
86266
7401
58720
27245
85839
44710
872
58754
10373
64014
49728
39812
39031
9542
89775
40931
37700
46094
45379
68432
83253
29895
1173
11905
21981
70440
12324
75227
96209
45232
74339
4002
24546
87079
57841
32144
5210
6439
80470
79816
41097
64796
6635
85838
70846
18761
25150
32615
89274
82390
20004
41855
2034
96676
19699
74368
36749
44277
9492
42476
17214
84194
30317
76832
79896
11017
92871
39429
14516
14855
68294
58071
40639
30605
49837
69279
57617
80447
45029
30105
14753
15579
89168
29493
52334
21060
39213
4089
36840
48685
58151
15698
12748
1384
60021
90472
75120
74112
30475
23874
75445
67444
41132
51535
93990
76503
51771
51401
91512
61549
41903
13106
56944
33590
52274
48087
86829
25111
99433
88736
48721
7372
83860
41374
55666
80770
10292
49324
11351
99364
28824
1877
96128
75570
70346
78257
4809
10057
38388
52221
35483
37860
5763
57330
91084
85785
68376
39664
99995
43835
65826
77052
99000
48543
23434
23933
41199
57332
72554
36352
45038
6822
11281
37404
34548
64839
53229
89942
46499
88043
87770
51498
97385
73406
56840
6612
50570
89769
14051
4623
6286
47766
28108
73782
14866
7536
81524
58547
54775
79265
72809
54786
38795
82817
39519
49316
23028
82188
97380
64197
41818
54579
79085
50361
25001
64846
35624
14054
85659
81784
2668
45157
37685
38319
61834
28546
84966
89638
65292
78315
44586
54059
90394
76541
45548
15609
86195
24386
34244
98297
13227
17378
65643
58293
51280
67526
68471
99478
73364
10123
59672
81195
51587
44573
15619
66313
32357
26874
91809
3520
88115
87670
18426
70589
86239
43992
76467
24512
39359
68123
45619
90189
67714
93397
71122
98235
88436
34659
82140
39254
56467
8103
54208
57626
26439
75116
55401
60046
71067
47870
5057
16092
98189
83004
20772
13202
42240
95055
24087
61744
19146
46459
36289
92311
1090
94112
59944
94270
62524
34928
57959
90028
64373
5209
48830
25093
13077
99465
67537
79303
31365
7959
47052
56587
60511
7728
11878
33545
37075
76132
24751
62854
21105
54082
5085
76269
77070
46225
78918
29050
75558
28009
37303
31400
60239
76889
58309
88134
41961
59652
57335
48490
39751
50337
32502
65160
56671
21608
12383
59718
61014
80870
20567
7250
72455
86274
18519
95418
69968
78440
25098
25362
38746
92018
8329
89664
7040
1354
73947
35077
59206
21673
12957
57188
69270
64541
84144
28217
84865
15445
64828
23117
62345
20148
66295
25667
29912
9317
3938
83906
38837
3177
6360
76012
85594
51830
80606
56009
55602
35051
50010
45740
95598
97186
6259
60100
94186
85315
3219
66575
44107
78478
90551
25215
28769
35598
45517
78902
87691
94411
88486
68365
67044
92270
79022
19626
80506
63714
45073
23585
65489
32256
63570
54074
99510
85600
95343
33433
32967
229
56686
56633
79413
62562
19877
2483
5270
57666
74952
18348
35934
27443
15104
74221
39881
93449
84444
65375
88247
63767
59441
72927
7440
88002
28849
99994
26726
96958
65946
88695
60351
26062
56320
33745
36435
36722
23182
9857
95829
37316
39854
84773
55221
16607
20506
24514
86431
88307
57205
44392
60330
15490
22865
1826
60043
88411
53064
68107
63360
8552
13818
6580
8191
59200
73305
34475
91333
38831
21332
29701
32032
64258
86249
82507
33975
91487
81569
10899
48166
45481
54360
5051
47808
55378
5911
80339
3058
3413
93390
57562
40139
31527
21874
26149
55298
80607
10186
14754
55124
90370
46433
13499
77923
8016
62433
34002
2592
38499
64960
34387
92176
61373
75712
60545
23873
99161
26283
86544
857
84386
39992
25558
23730
13050
49248
67876
48781
71083
42828
39853
15967
35978
44742
30931
61235
98409
41906
604
1629
93218
91964
50217
91515
15711
25280
16635
91360
34797
74519
60312
71298
69914
67735
87892
43215
38580
66420
14280
28278
67606
7989
30315
194
43556
20849
73158
22818
6771
84675
5403
762
40632
29697
40689
51392
16885
18661
56554
69048
61504
14597
94052
47170
51428
94669
20246
58629
18351
9560
80243
3335
94394
70073
52842
73795
94169
32028
55497
45188
60443
60527
98294
25283
93482
27270
24356
86683
78885
89091
59535
20497
36341
13370
28682
49807
6533
75073
10925
34400
73667
45112
80862
75226
96740
56697
34421
86019
85861
80043
52399
20329
10780
11197
52253
25042
7279
19603
39530
67897
93079
31469
33219
72878
8619
87817
73383
36486
1191
60321
47964
4879
82718
85214
87727
40804
61519
94880
8770
46733
47965
43378
90276
99141
55807
61544
77135
94101
44229
24497
80833
51637
54493
8729
23515
88910
30336
53641
48586
82780
75981
24503
70905
10600
92927
30012
92192
86911
95614
75033
38391
62217
68125
94450
90579
66051
90019
42978
66189
52100
69636
22981
84082
75460
15383
27087
94662
14264
49639
42563
8214
61622
86939
71837
21391
9859
6992
71541
4597
80649
28284
51833
29659
42356
33887
43644
22513
63349
89597
71050
8762
8310
89678
31838
11153
64622
88178
24197
51008
65197
1518
67074
30909
85039
44709
61408
55078
67430
90365
7563
98837
32737
80768
58036
57386
26203
54746
93959
75408
57656
42404
30707
87374
8540
47854
20521
60496
41745
31323
19391
46882
54412
27150
60034
69641
80332
43376
70272
97253
47677
14073
25478
83037
86067
20193
2615
1289
8713
69579
8878
93588
11800
24922
54432
8426
49259
79659
52082
91432
8368
33026
28074
51776
68117
6621
97463
25187
94547
88580
25648
88847
8775
56777
80069
34243
51978
475
28389
46914
59691
82071
49450
53545
89120
75434
23788
3207
88468
94497
49825
76583
55300
54099
59293
81902
28270
96821
52503
79566
48620
8181
99841
73243
15810
24705
81730
90641
36474
79792
19803
93851
5501
57162
27368
70305
50440
58310
40121
23062
12275
96932
33942
22730
53077
64863
6589
68997
12127
99168
61928
40493
1486
16538
28209
56883
99002
77031
10225
65875
56568
45966
56497
87854
45613
72362
4160
37571
29568
36437
45807
45954
17530
27699
71599
88332
80877
90749
2562
7669
95412
30627
19799
61162
17031
23509
49621
99288
29661
44903
53266
8441
77572
51047
53024
9494
89758
66902
54831
9806
82310
90135
95217
38501
61808
17007
53085
87436
21640
20277
16246
34440
99925
97330
99565
60253
30989
73453
55614
27800
19744
64543
44832
72315
64112
91677
61038
78929
55950
36939
83492
96540
9006
42360
12722
94839
65473
53564
59595
27378
6023
38670
98230
23739
44858
18641
36601
44212
45500
30414
86285
5007
56576
83890
21314
1021
64106
41414
67586
7901
66586
48493
40136
56708
57999
76795
1043
39400
57326
45020
27116
92912
4381
19752
92321
36990
79893
73488
35562
94262
50199
5711
22521
38155
50394
2106
46430
24070
68248
94701
66283
8321
6066
81161
70115
53517
64384
87177
70889
41403
46769
74934
63022
5944
5576
87845
22286
6782
95589
99037
14025
31006
95562
46090
31437
79643
67143
17701
48632
72441
32487
97579
90338
81273
80941
21535
86175
94032
17870
21347
17451
16783
5287
52387
72653
69074
23770
711
3982
86675
4752
70955
52658
37308
79087
6428
16540
6513
10529
3430
43147
26351
31635
84629
36636
59145
6417
84329
24454
55199
15143
34947
73812
46322
64930
7437
18874
55662
17511
3844
44528
14114
4526
67551
6218
75577
50295
66652
24112
44104
47853
29071
36524
13850
66172
94048
23443
22859
1419
16893
83460
34544
61052
20608
30910
81844
64672
46368
42777
40871
61049
41449
58152
73401
73733
47905
49164
24126
67535
8157
32371
2917
83070
67976
75698
84176
62311
30876
71133
54532
6689
46779
68590
57592
9397
7626
18414
26350
60680
35237
91002
85901
40214
94398
94959
91721
12327
10323
10548
57416
1320
59734
14698
21560
546
72528
83471
81589
35812
24549
53296
55926
75876
81674
9314
56528
18470
80821
39680
87926
19715
82125
88432
61339
39996
59164
18178
27465
34044
72763
71987
82784
83984
78221
22146
10392
70054
74228
30100
44916
53430
87424
47785
54567
91545
88771
23853
65538
50214
25778
65118
64618
95233
49279
30968
54388
14393
14825
85936
85118
83642
96664
94748
2610
57923
81061
22569
44774
63818
67625
53345
61123
74414
85088
54566
91796
47162
30901
11460
66794
8415
14349
35720
55630
22203
20424
17401
46111
44601
84963
50642
47931
6116
23144
68692
30835
41601
86747
50336
24106
60781
61551
95390
38210
76079
9733
15788
19303
26613
10962
38243
76751
63610
91225
57934
22353
39421
90636
74265
61601
87084
47968
68879
99237
45084
28955
95823
6565
91419
9764
82149
95442
89704
29741
92164
32213
2443
97216
92374
81582
41492
52913
961
17770
38785
2869
28096
67057
35191
45003
2763
53032
27340
46192
31997
56865
21980
17819
79509
4497
53512
27335
18401
15016
74169
78577
45138
5116
41821
96190
25733
25639
70803
94084
84887
13472
64525
19298
75246
92228
6572
34311
36830
24741
11520
69877
69252
33759
64377
24218
74832
38771
25776
93521
72542
44705
44602
6352
38706
40576
94064
76429
49549
6004
93391
15335
50984
4956
62415
53765
31143
38040
52
34203
21395
73921
78568
38728
57072
48035
44425
50338
6675
17062
15230
62424
69172
94656
89873
8029
48023
18757
56198
6660
69902
53196
20165
95833
41779
30773
5592
97275
1595
98218
41589
21738
84190
85061
54515
15932
50702
5479
18268
40219
80407
59472
41451
95161
17068
90339
36152
82540
12504
50736
64991
74555
35209
14309
17247
66673
83042
552
34621
37294
43013
83759
22970
27779
89445
11253
54065
22660
79662
10296
94444
85105
89052
98842
265
26650
61053
11851
14414
65689
27197
79865
47421
28755
46910
82582
81978
524
42090
12537
22835
35015
73259
26008
94620
85554
87306
89724
80159
27484
80856
36207
42883
70541
37505
91510
76692
94793
11429
87492
37877
47383
84977
5888
42788
16796
6611
62015
72949
2526
16324
67336
70606
7670
32343
55870
3380
88547
13871
49424
21133
27560
56035
41435
52825
25185
18942
89067
56910
55017
79586
69733
96277
33690
55687
10086
41009
68571
95844
35041
34454
17005
89925
25065
5557
9109
30956
41943
76238
13581
29658
66340
9760
73716
10393
23576
31853
54316
99826
62337
35738
52115
16960
35864
75877
31155
16283
89733
79356
71289
91658
78389
61839
33093
32631
90759
16279
40591
80221
14082
17276
60613
63509
78949
91352
54414
15561
39304
8203
10021
94221
78355
59750
75218
28057
3470
29750
59406
93101
86427
64254
87160
42163
56115
25221
39138
95254
74814
69056
13513
24594
47632
98117
72291
40771
12945
7186
19110
96627
20633
40773
19484
50327
27423
22459
11916
30202
8207
56352
21496
65237
49883
10706
14433
63834
4605
11929
91935
34259
49888
46587
77796
32436
44547
66904
79987
36837
28552
27944
68963
53492
2933
87924
86562
38550
2398
72606
62310
87867
85819
43969
83024
62304
70565
40535
73174
96978
39011
46022
99607
5527
69658
4204
83019
70524
28233
80918
6532
1566
49514
66079
4668
2343
50106
85509
56438
13829
75682
39835
43296
47849
34335
8308
56209
52378
97206
67715
30031
50207
81129
76284
45123
80675
94920
34424
67981
34480
76187
20977
11588
93478
45156
92598
95093
13552
88593
84165
35471
37218
29588
41805
83455
98818
87856
99224
82410
95269
8371
71507
82530
77676
36277
91035
89886
36755
26587
21336
9439
4182
16479
83822
67934
61912
27541
17157
9161
72015
43953
69771
27992
94213
36038
38209
21187
62348
89602
18612
801
68244
57122
31137
72245
38807
81643
51955
12581
98208
51231
29986
52545
19184
47461
80025
14457
94783
10745
56433
29205
7609
73760
30977
80626
25358
10052
11393
48209
89685
38408
52365
799
85335
60098
4197
89700
6316
59648
42798
29693
77959
66316
62864
29516
10831
7260
48864
11886
22029
77314
33974
25400
54408
89224
69844
64338
36606
74170
34744
38104
65545
75557
85873
10429
64686
82995
21170
14402
19678
45794
75337
60703
77596
77750
48340
23938
99276
43056
33913
15015
68335
42472
82066
32719
13757
74091
17468
66641
36610
89246
22546
57710
57862
68325
49051
37887
17000
88288
25643
85166
37591
15977
1658
69010
7303
85943
74471
91053
57169
92627
64077
64290
90721
58287
68993
3097
9342
62259
82528
48856
76201
7022
7324
30602
3123
38200
63041
16597
43409
91150
75362
66545
11039
59685
43144
47724
8926
65640
35280
89810
13997
77061
44919
39503
63822
59254
76025
34601
61640
78895
78791
17853
29225
11093
61169
97025
31399
66408
54239
82180
17697
49443
17032
83600
66987
13136
25037
26940
60892
90823
51549
10375
32242
35046
3845
39662
73178
76916
68441
34662
29867
14232
24470
37542
23821
74982
51885
62401
74940
84686
22012
74476
58374
51574
91937
17804
81248
26746
55416
36783
85000
74540
86116
12956
82609
21017
57459
21358
69616
50107
19337
64214
90456
74307
55458
68728
52299
47627
3135
35519
75839
42422
39352
18192
10055
77562
51455
44329
12056
39483
61206
65065
92157
42745
7564
17406
22566
9417
94518
96141
38658
73100
63788
55852
26285
40289
80200
35576
93898
1502
29381
89301
30973
78304
2446
56405
78419
29489
75568
78689
82311
9088
85286
14620
31276
86530
56759
84036
52893
83292
34196
6272
89253
41417
36370
16878
50169
19341
75140
43430
36660
57901
20880
15123
98672
9067
49832
41169
33372
46400
77172
39177
8808
11121
8686
8252
75671
69614
27772
74749
21423
47868
44650
95379
33180
85531
12276
38665
97213
40463
53578
13823
40560
1198
85219
43994
20593
24620
19062
22908
30859
22129
54848
84267
30107
13012
8307
93634
58078
9977
97809
2505
72486
69316
64255
8946
78812
76486
32230
93255
2374
17175
21396
11146
57345
27131
89675
54976
72092
28369
73660
16303
50330
102
87090
24065
81885
12875
21510
91594
962
7024
47435
97948
70273
35514
16449
70506
69135
27230
57993
19991
38514
15577
43727
45018
26709
15760
319
1439
8015
60893
97382
7239
4823
92794
87253
87712
804
71731
51877
82970
15039
5782
663
9159
83791
19034
73096
36392
91366
64055
75905
33754
24943
96507
24259
33458
85024
87355
86333
68237
81518
70512
45523
86872
98138
82716
27278
14323
15803
72937
72669
19397
51781
10546
95146
69311
76507
20348
74675
32661
29669
39471
85695
73203
37791
81743
94354
6785
25441
91344
85098
94644
96303
65209
73159
11221
21429
28436
81770
56622
12118
11787
56435
6096
84402
91971
35599
57850
96947
15797
58653
36023
4166
93253
53233
48748
56333
51139
77084
36567
8721
19360
26883
47118
31383
63705
53352
51157
94203
79671
19651
41564
31809
75784
92914
87766
15313
3322
92733
9880
77686
93777
34156
58450
61908
78867
98167
9741
45569
38266
49799
41885
63766
53226
10782
8772
61604
74662
93069
9845
2688
72017
25258
9875
6926
34800
47366
72711
90327
63833
36647
75065
61909
73339
24351
85230
75970
27544
53388
85318
85369
34959
46829
66306
57146
34615
49351
20574
29369
6449
38878
29309
40743
78698
69741
25518
53301
39568
24466
35217
43047
44455
4703
71658
18433
30768
10247
7741
10537
73140
84843
48011
37258
22191
91973
64375
95328
59889
41871
48930
71648
62035
21591
29613
72241
6986
38280
10826
28709
75108
98438
2369
44661
74967
7861
99865
57614
41254
67520
9986
77394
95149
57062
12757
42764
11371
47294
52939
48670
33606
64968
54498
58678
8580
86014
72377
18864
39624
28603
77803
77244
70339
25368
10574
15288
16187
14259
33196
98061
30455
40323
71516
24195
40408
81961
35052
86171
8507
11796
51333
91024
63327
38524
67602
99618
71935
94875
2525
60769
6446
25154
13705
57120
32029
83979
78655
54893
76645
57282
71049
71129
11200
20606
72196
87251
8549
97480
70499
62719
44979
8735
79779
94750
89476
65205
76960
72221
44982
76958
37468
49013
71927
14922
93652
49654
94813
54928
22013
58116
16808
28281
54003
68188
92174
36857
77670
52271
96121
91186
44381
75988
62684
74784
35517
31991
15186
16009
11323
76067
49814
82831
53955
93135
14904
67098
24899
50641
21653
62330
93956
35069
84086
27446
43052
54170
14300
706
57462
89843
905
10597
63127
94002
5498
66998
81
60850
35265
90758
344
91010
31714
38221
44510
91040
54902
34664
31587
52970
21570
76024
77363
89727
72379
48379
42046
15137
71149
1709
20813
2391
40879
20171
13895
51624
73575
74422
68718
68514
80439
7657
46186
96100
50931
49503
78527
28612
34334
12048
98781
20729
14284
16406
4435
20889
70125
42364
19763
97322
79589
46485
74152
94647
77218
2427
1904
40340
12397
63508
29383
36342
96353
80103
31353
40050
91255
76353
93286
90846
40605
96085
83096
30400
71005
5943
52152
45795
29288
53207
11376
74631
54350
71074
77468
25259
77112
51054
1789
47200
62692
14356
89673
66081
10966
10695
68499
11195
54833
52424
10158
95294
10248
89125
10164
30130
17006
87331
87963
39815
58524
19851
81890
17024
27760
16393
85662
96045
57517
92959
69546
63668
4847
56834
42158
950
70274
42954
33749
12647
85051
31113
52617
23794
90603
9133
62128
29092
32711
39617
31995
37049
57603
99532
77137
31899
9190
50160
67213
1896
76885
3508
53437
92017
4292
48538
96931
5636
86129
74965
47404
78551
47203
47806
45929
78952
75189
10273
76884
76670
80705
90787
16182
40431
18067
37111
80860
41974
47765
34791
45054
55188
77266
90794
62718
90056
8504
99401
22316
82834
31004
86380
50691
1452
83206
94036
38818
28171
66721
58250
88660
8584
33940
59935
44096
55514
8318
66346
78170
22461
66963
36475
19249
2263
46774
69723
30416
25931
13752
96014
44303
82993
63879
70505
31580
64520
59590
77025
59780
49868
75627
64015
69673
43655
14488
10880
59667
47769
10349
64200
65389
39409
89081
22946
97877
63778
26929
13044
40478
18896
8295
3998
25845
89941
85346
89365
75937
11652
34460
880
58908
11853
38396
58352
70968
4206
18667
99867
64866
26303
81329
45958
53944
73350
29473
89427
40484
46440
19007
9574
73384
70898
49053
3060
21558
21471
30448
15209
36416
46144
30997
7276
58492
64853
33501
72503
18528
78872
86406
23992
43560
69319
90516
43161
77689
20711
6701
11128
13169
38986
13982
97954
88097
46034
33654
90780
15746
14276
54423
35466
71213
77625
188
81939
74189
21839
1277
50249
87242
63032
63976
34926
23682
34143
92976
25046
47604
6493
86590
18394
96675
6788
33934
64322
38901
59927
88523
15473
43116
91126
23596
59941
65633
39526
41830
10125
44582
35090
56440
59368
89705
76099
72590
19794
98027
6460
94820
29373
3034
71919
1982
39532
83983
4732
20023
41286
25864
16763
3422
64083
704
4304
2955
11591
98451
51981
9730
72208
80757
61268
25525
94062
80035
27671
3857
57570
33496
71349
92108
54554
99601
19976
84932
21480
15213
69645
33578
1183
16463
88722
27736
45090
11023
60260
74378
38177
73086
69496
6890
31892
60178
40620
23009
47567
6700
93823
75924
33849
55058
92153
45246
59828
99112
91261
50938
40826
17379
62877
60064
32126
10954
11632
73357
4422
86775
5971
66868
65057
2019
5705
41074
49641
17115
5846
94923
88227
25746
43742
53953
27790
54122
28958
17897
13527
52218
61085
57858
63174
1983
95218
42874
34327
20910
55638
79668
70735
19331
2900
99964
27119
15722
52081
61865
20798
78088
25962
33893
50611
82954
53155
8515
74153
91725
38626
15894
84161
71182
39453
17324
23131
3300
66501
68465
83938
80350
26259
94436
82471
72188
13017
10845
48765
14332
9497
76368
68075
91370
77463
94011
63907
63975
2643
95456
72948
57645
40873
82178
47479
71909
16787
87651
96470
29021
52780
11314
22700
74280
24864
54063
8936
63490
1905
80809
47471
56212
80080
94805
25710
51758
98834
32125
73449
41740
78601
71670
62843
78597
26305
70622
64291
18777
44994
12452
30726
4474
14906
97573
6017
85810
33185
24750
24057
7687
46264
9215
11692
28742
2836
62358
74883
55110
12947
20092
25607
57311
35179
59052
63791
67345
64461
93751
57209
85592
55669
3819
48083
18918
33888
69575
99281
78757
89353
46969
44478
80475
80521
99678
98687
1763
23707
96914
36430
99546
17624
2033
72745
96713
32275
68372
42803
12436
35852
36484
81331
70320
99212
28462
41122
34997
2720
91195
74757
78814
3340
32686
17050
58682
240
13225
68667
71148
65924
78131
26995
84943
64073
10705
86801
69315
5404
64803
45686
91871
37024
44768
39722
14274
8065
79876
62675
74321
17802
80287
85169
8948
53353
94640
22988
74785
87833
59867
1174
31735
99732
7301
36541
85240
46467
87406
15260
87724
35272
6792
8907
15568
43115
85845
44993
12468
54822
19724
60947
57958
52680
69388
21854
48947
98504
5072
4302
19089
27097
62568
94511
15097
36369
16511
43528
24205
75109
91483
59443
79338
44486
41865
75511
4683
89384
87799
91221
72300
3384
16119
93722
78143
85978
98029
24882
18999
35262
38808
50768
58001
98220
20480
94803
27190
55198
44660
28353
80925
39888
95714
95407
28649
4578
60045
53107
49214
72790
79259
5899
65125
41828
87332
78384
96777
14473
59794
33377
54512
33428
24294
77619
85019
3027
35493
76140
88096
81764
5348
82450
37338
27428
46179
94375
8840
50036
37031
11842
26724
9062
5487
53185
96792
1521
1476
46907
83474
65635
48017
11035
47212
66807
35044
12949
91772
97290
64148
59154
96810
28300
84776
49936
68228
34820
16718
94824
85514
756
53698
37180
49144
47019
19625
51892
56123
81030
73615
85184
79208
87623
41884
72344
98748
69050
12329
73387
88610
45670
81379
12323
80514
73537
84230
1101
98186
54325
85440
12812
19200
7041
31671
55617
71586
39041
56384
32647
40252
76760
25741
18564
54798
28053
31192
13059
89691
17976
34592
54954
12917
40165
16028
71003
96949
64956
93744
43381
83393
99912
31300
90727
42727
60322
94609
72964
79892
53470
14449
6184
67008
11927
17439
82753
16264
55875
60396
81989
91187
25980
88345
80895
7864
73167
76802
13968
10007
65242
89531
34745
47309
18201
84222
76475
25491
31287
71415
21217
95697
62097
99071
69832
76466
6976
92257
51506
60615
29385
22170
98252
51227
21802
31431
81731
97387
30376
31621
83158
89161
50975
37620
47863
92838
60795
69298
19333
18083
93090
74693
40099
52278
14427
21791
56077
92747
78823
7056
57687
56010
64739
51384
69328
3886
30918
32963
25690
47280
35049
78824
95911
56546
46777
8554
93199
876
21513
2153
70465
47131
55745
57597
79878
83264
92926
60972
8652
44191
27753
81173
43372
95092
15684
14341
84058
83537
44257
99979
88487
52130
62865
56147
49438
77884
35545
82877
34323
86589
31340
76186
46445
52431
8522
44255
8543
22526
19630
21119
22254
95646
22741
53722
88902
35607
57581
57278
11359
90717
98003
54556
72744
43081
27062
62390
774
16339
56331
22453
54826
5104
7601
90052
375
13
4258
64599
20717
77039
95983
96293
50880
32252
97949
49977
61225
78668
80721
10161
71159
9434
21106
2521
34157
60154
36977
25785
24857
62380
95291
11519
11657
93612
16588
67359
94051
60234
6910
65539
6724
36080
3174
56326
63313
50742
89386
44711
67286
15018
80708
17335
75177
10280
6464
20970
1103
85130
17198
82657
49464
53357
79402
45793
85115
72380
56973
28143
402
80415
70842
23684
63771
15319
18334
23677
76557
42308
90146
31305
23847
27686
27033
11136
27993
94432
81948
54851
21494
9778
76844
25227
79911
63886
41679
99060
18364
63830
82103
68466
80879
41553
73702
69161
9196
82601
62045
12671
92539
7518
34905
68824
52832
54691
64967
18762
10039
89543
87146
13099
99073
66630
44617
47993
87154
91744
46427
19826
43436
10786
14910
23337
11947
63628
5198
61291
98817
78563
36071
64247
44949
11717
68459
23426
69893
84473
28917
27856
86000
49887
60924
79149
12761
98653
94593
91568
1541
63248
27980
18325
30395
10704
302
31497
86261
11317
91056
56060
23383
81388
86980
21100
47163
44603
70593
16076
8731
43177
21305
56137
82918
86690
36785
32620
92155
19419
53319
92414
15135
18721
64113
66747
49526
79306
34280
1121
45292
3831
54944
91226
7640
18399
39806
15399
55079
53555
70033
9565
46047
70476
98363
86279
35843
74509
59998
74420
19072
33129
91065
98018
48468
16650
34842
15295
83836
96298
92354
26680
57262
20668
79947
44245
68989
68257
89411
89939
6008
11714
74960
42673
97653
87530
37484
38430
65265
14407
32875
78360
93713
56714
53905
22753
5064
27141
25917
20972
56593
17375
39030
73494
87874
7974
87902
70603
66442
4700
86148
80683
75490
88824
17385
55202
99419
71550
54841
40389
43040
74588
55615
79360
92848
25869
285
51881
70116
5693
83838
90710
74833
44872
67956
38178
37052
72155
40067
51293
93435
66369
1381
54430
21479
31804
29238
35122
88146
26890
57032
66608
43712
50807
58612
95909
65051
9785
60405
64734
29485
25147
3936
60488
75064
61356
64638
37656
19746
60719
98804
6164
76710
12022
33638
75950
42316
60427
32854
12539
34853
38729
83715
41362
25243
7328
75543
83944
30955
99226
59358
47529
87685
85171
27732
6269
11671
42020
65983
76568
90894
54760
9400
11644
16214
62297
29918
79269
67605
79432
718
5253
70600
83760
6089
28156
28751
54504
80141
93599
84059
55239
57976
94764
27744
91685
17902
48880
62405
14878
67774
65596
85521
79574
24252
55763
64191
47699
13979
7668
30958
72517
7192
47420
14916
73208
32148
3375
8106
2904
92821
79839
24340
8227
23027
44200
93945
35538
4116
65478
53127
1517
49234
4796
27431
34168
22347
92770
62590
83670
91338
11961
19098
60923
64573
35180
35863
73768
19723
74078
88068
76506
96930
39819
39912
50130
91093
86077
32953
71108
51108
15958
42282
82379
72234
90330
55652
33234
34764
86101
64746
22291
54027
15406
30408
55480
20091
86156
18317
56413
74501
98173
94231
39631
56339
31862
74005
66453
61583
45154
34962
15004
44828
31699
3179
66416
93723
97735
88953
58144
33829
87131
37793
61899
2696
49966
85934
47788
59180
8628
78350
87259
37027
3248
8166
27768
35355
82428
17852
68258
95006
95783
44308
11061
81938
42752
58364
33549
69264
53087
23469
45625
9932
42600
37159
83912
76352
9761
6210
38073
67117
87103
76236
55969
86969
21852
20802
39038
40141
86192
13923
35379
72658
19635
19131
90110
94424
99323
67305
72157
85830
19562
79002
48975
69426
39485
10565
98035
86006
86518
90112
61751
90926
34152
73379
18357
40407
36638
27622
78516
98082
73318
59981
74567
86032
55689
37329
9713
58437
83129
99695
18119
22761
13848
72096
47973
20448
15333
84182
93689
75259
5382
47338
48572
70700
14145
82038
11706
1968
44585
62545
24428
32526
69261
45199
80728
90870
60521
69180
47375
51363
82541
732
61351
69947
36897
78151
92283
34180
50740
79961
3261
89376
32831
31151
93203
42420
71097
52038
46367
36425
9288
41221
45483
38250
74996
36734
99691
30433
53490
22195
34884
76378
6709
51175
89291
1640
53452
16235
90090
18502
93269
23300
16561
71904
69525
2555
41854
7623
3916
23287
85386
77968
6401
13003
85569
66479
83280
50935
64970
32452
74541
9694
60128
8905
95132
49186
46545
95226
12643
39278
1962
45758
94597
7476
82537
48433
70495
61266
56821
17495
39574
15853
29870
43470
13261
16115
55868
51361
2625
37346
41639
99828
25387
19219
27100
3782
68965
39061
46848
54903
66594
27808
60878
2051
80913
91531
49672
12391
24480
85006
94385
73686
3106
92223
69109
21708
58627
26562
35787
26674
71943
2814
32182
41034
86049
56358
63406
46739
25727
23264
31409
86819
55597
99537
15318
99233
81797
54415
73809
50029
13355
62062
74009
85946
50669
70317
12530
58378
56125
34741
26486
24365
15302
32965
89653
78207
87043
47166
40961
48983
38992
57940
36301
9753
40899
26693
45013
89930
84167
5112
29270
83747
503
25569
9281
67519
97525
11248
66463
53796
54514
1700
2682
32229
12979
91926
71624
37584
45724
34795
11827
76728
8747
12260
59369
43088
20342
29206
59753
61451
32948
27196
65019
22021
67245
62145
67091
65658
96757
87993
32848
8246
2016
29510
42496
98989
36450
96799
25412
25608
66625
2566
53426
24059
68529
89802
53476
36882
93661
11574
73006
90654
66045
89511
86711
2640
797
45899
67337
11439
75265
57242
90943
38347
41911
23444
11256
1079
93147
83917
41255
69592
48225
87981
71173
38377
34970
89275
95553
45520
32884
86555
93822
53844
23415
70024
32524
15421
45274
56548
63121
79599
75052
65129
18650
96023
76866
44046
25678
25181
21498
64471
81776
89825
76205
22504
89996
91223
10999
87589
52446
82839
49267
13621
33757
16663
16424
57951
74556
82177
41136
21076
22454
17014
46948
65011
34679
10350
223
59192
5407
10090
72719
12376
45674
98463
32908
65843
67480
7649
73886
44928
44350
56675
67596
41956
20781
87400
60776
83751
33178
87029
2895
8398
65316
65963
32653
66650
38984
56540
1800
28253
77440
18973
41465
22612
95785
51522
36139
48140
86243
36836
24596
3772
9197
40066
66858
42701
65020
24455
15429
18915
25578
29436
64230
71329
48320
60738
36200
50677
73136
88412
54568
81282
49755
62163
67564
87132
66719
65108
34816
91405
84696
34324
12108
23981
55002
31878
26737
88110
50937
9712
27502
84823
44067
13849
52196
57602
68658
34654
99834
15948
87898
80097
27926
45885
46711
45805
47507
93664
3087
93067
83589
14528
11326
30243
10099
14706
22739
14838
39591
68532
97584
23989
44597
79347
37051
21921
78298
58060
55698
61277
63202
83934
58103
49335
44814
19428
48924
4117
28608
64473
35267
68413
70479
95632
76860
7497
2756
80618
778
23263
44861
73679
22074
51190
2978
86219
84119
71567
16015
22036
23755
11181
22082
64486
93139
94282
83061
32834
9547
16868
91103
28453
13889
95122
28349
25809
86756
91730
89610
37858
98311
46109
5329
82326
55400
4035
14950
99593
34251
4978
92725
97662
75496
48511
82583
51914
19305
3243
7594
91117
51348
28486
98630
85952
68038
4072
71838
52788
14708
3130
98735
11932
34114
68627
82775
67148
38994
82317
65139
36351
34873
67574
14636
2542
26421
90048
9047
42839
98288
18592
16964
24072
74194
87700
32608
62776
33384
82805
92477
40720
10514
58415
91560
73022
29820
70005
58959
20902
17363
10410
41625
23900
1091
38819
84278
58133
21755
64408
56763
33052
28987
7111
79873
23227
54520
32253
99785
59609
7346
53670
3361
56566
79782
96115
21413
2600
76700
96708
69643
88493
49589
73579
36183
75105
14781
95653
59950
84181
35343
58836
23783
87333
78138
82976
39915
86751
60344
97922
49122
64144
92713
10034
50463
23907
76877
68411
53949
3152
21904
8664
11496
58815
11406
27701
34163
47480
89616
65869
33155
30294
55993
25208
20631
70928
53542
60686
13896
4721
17755
75965
30489
76403
82469
13991
14553
74466
77095
58902
98520
5883
91630
89804
98768
60683
70856
81857
5534
68618
23566
65353
30261
889
37909
76861
49708
8498
54837
10237
48014
84109
34619
99098
80168
56583
21038
7254
90480
15443
45607
76141
74355
86700
5679
99680
59089
4046
33424
7333
36955
15072
30255
30377
55846
15093
36572
67099
43015
36659
26379
62053
29418
17255
62101
49328
58302
21251
93376
49912
32874
2775
45363
61016
70010
8959
99959
18047
88277
16666
58858
41613
9852
51677
77668
64343
70480
73328
79142
99582
78301
66028
86153
99238
481
25575
4911
24539
56680
44507
19129
89027
69443
82008
4778
36883
65436
86522
3752
10958
47258
12192
73725
30987
36319
64217
67946
15212
20579
60764
83123
37084
49767
67837
60880
89584
4998
40300
89892
50227
9863
94278
96169
33293
94650
21171
98216
58809
3056
1221
40750
25600
78774
46329
83951
71750
4045
62984
61733
92887
51718
51540
37800
12578
14151
16308
1874
40433
94703
17200
59400
81706
66252
99351
14444
47121
93117
76327
73064
77425
66144
75063
82612
21657
3240
68033
87843
9588
50439
70414
7286
23966
56466
60551
57272
3450
74416
13425
25512
70185
28550
22514
33399
98800
65922
98587
37975
68534
28651
54359
30522
38384
3138
23851
66192
40846
40992
5058
3392
73429
24639
49448
71607
68316
21998
58805
22963
93369
92752
95780
62811
340
29679
17493
86164
28783
46121
68665
41152
76283
88302
45881
52903
66546
3095
18734
17957
67088
87387
22930
22437
88197
51812
16079
10472
65013
41126
29329
10009
59581
35006
28219
66164
72429
59579
18455
7655
8053
86501
59018
81416
67097
32718
92267
42941
85708
72444
90072
34355
51924
85233
75951
57049
19048
14635
32590
82807
2268
72110
22729
76684
84099
41148
81395
71476
47460
91711
92399
79250
36386
56128
20558
40565
32530
13704
15870
82161
20103
47117
60342
71962
46616
87647
50434
7578
59146
18224
17142
12585
50460
23939
38648
91825
39133
13797
29255
43453
88827
52437
70741
84836
57294
89628
19214
96367
42498
31807
82514
58762
85082
16699
22466
35931
52964
6715
45511
34450
59503
84279
11925
53605
64669
62307
15343
83618
49849
20093
58564
83095
45050
21277
15153
27390
56411
5317
76768
19036
64329
23690
69874
64460
97236
41091
76839
41262
95494
83685
32736
7557
15631
25299
43383
78884
31541
71871
12044
49544
84770
80337
41900
61740
33043
80413
21045
67383
16288
97477
69206
72375
87297
558
35109
60110
9868
94860
95831
81575
34064
29476
76516
97647
66658
56486
1192
27473
99881
75702
17748
6244
28146
16533
73517
97349
75796
27094
64589
60677
44400
45315
72174
72391
62442
99015
72331
66722
85721
52560
58221
62039
21402
61343
28673
27224
62802
34974
81096
49647
70478
9440
94237
50998
39296
64929
91528
5908
7712
45356
57357
39154
19666
25446
85298
14133
30577
48145
35915
71578
70501
71194
89213
15740
20289
19908
70106
6626
47196
34178
53882
32643
13502
23782
27405
95204
65877
8172
22404
50368
68767
28829
89488
94473
38840
77486
85079
29651
10061
34384
15203
60026
4282
91648
73011
65324
38273
25509
58668
22471
34805
64842
74870
80455
87288
34687
68478
73842
97979
17245
23699
66260
30213
86265
44807
88091
91071
93041
9670
18294
91232
72348
88133
95187
76430
83076
1007
50402
76384
66290
43893
48010
12560
66415
78044
12499
39407
35897
78212
55162
64175
71011
93758
54771
49720
57269
56096
85693
65796
80796
66561
81793
28743
31027
59020
44106
52013
36439
11781
26956
78486
66824
34715
23394
95694
70759
80741
45314
15199
32645
42605
1875
59834
62318
33828
17089
29260
71728
94197
32368
81084
5471
73355
1556
47103
50956
36824
13142
37525
65272
69617
39129
78643
48063
12138
89283
16300
41965
9070
12075
49121
51797
32484
17130
75241
28879
47023
45623
38766
46795
37105
56514
67096
62742
26306
58905
47646
32113
10776
34034
39847
23258
2681
29802
21293
2078
43331
61735
99779
49262
13641
41447
24491
89037
2822
32005
16407
21185
86517
63969
75968
24866
85139
57029
72480
26441
59837
48271
80255
80426
62951
40174
46554
89466
45831
53686
53980
18863
5371
71059
39181
80602
12882
912
73603
28294
17871
82506
96380
58072
56605
31292
79687
69936
64818
82769
77561
88499
16229
31190
10961
93541
33173
93711
54733
44481
64827
69283
4499
90677
19768
54658
25191
68293
14826
69742
24141
75106
15789
2791
60894
46701
41121
48805
6011
72305
71895
60328
15284
62120
76520
19282
97070
13260
5808
74303
42651
45952
79535
55494
92032
24743
93704
586
56241
70082
67585
56606
16560
449
75179
59262
44036
34861
13494
40795
93420
40263
27180
2209
837
13297
58038
24406
46943
40609
32877
59212
42592
63029
15501
75909
54282
92984
56814
31345
23100
61250
15088
11232
6076
63732
9427
48246
22341
63177
81603
20011
62566
35894
53643
53660
97425
66786
62787
28452
58121
10443
92126
59659
22957
44482
26708
18884
85453
89373
74767
94685
39071
97245
16817
68159
49323
78731
77085
47317
76114
26699
38711
15614
36410
61218
18166
49253
81117
49548
29792
28021
75263
17427
55744
40329
10282
15427
56356
56407
52587
19540
21428
88423
40542
99662
68502
2584
74524
32169
54645
91142
46314
41323
753
19533
25511
44791
5824
113
75115
65469
42107
49587
78102
33886
66362
52512
93189
23884
2630
80476
87836
1997
77571
43418
93169
73703
29066
75333
5880
4812
53425
50479
86071
9339
4727
41095
89083
78721
37315
78294
62268
73155
79444
54564
68313
26466
79849
72605
58370
11050
33467
52861
57328
91460
87857
36664
37356
41662
1204
99172
37875
52812
55650
22456
5953
91904
22932
90432
32980
15851
94695
67415
81609
79918
95765
61814
63773
90790
27093
93038
19987
96348
83566
31116
41366
66508
11955
99846
47369
20642
48699
88560
4090
66949
26204
98131
86548
60679
33736
73632
44745
48802
30948
71992
12781
61214
33621
18218
56700
43386
22155
30382
59109
19154
7769
32210
27035
28109
77908
64923
74933
351
86145
66301
60118
91881
60226
88656
76513
38872
45738
24486
75002
19664
99982
23293
51538
15336
47001
28016
54042
33735
66357
14041
50432
18255
90919
19512
13543
73102
94936
98771
86211
71463
54897
2711
44566
45053
35887
45288
8105
43814
62753
2165
87876
26330
70299
7023
29261
57250
26783
8955
93644
10553
94329
8046
73164
37776
69159
54228
72616
91190
72562
78414
9850
28157
8041
37373
54880
44007
75320
2723
17279
60869
67249
55077
11176
38008
48726
75298
58714
76243
93590
44853
13122
68593
61484
34870
2175
82712
88151
55276
22997
71923
8965
88723
46024
74593
40539
81898
91110
10665
97154
61977
17301
6657
9327
77049
90670
12285
64996
41296
4974
83053
91843
46078
37058
1375
91909
86190
88997
23066
95401
6176
17079
78152
37849
98393
67396
90859
9681
95096
93960
19310
13295
76446
98904
48201
77533
30570
39413
83082
28675
88300
46500
10290
44867
92358
903
37450
61590
3685
93501
39327
50344
50886
81875
46886
26866
73419
65846
96706
31694
67846
77485
65792
35336
21828
10943
80698
60332
27055
29929
42557
89035
97019
56774
62066
39349
82375
49522
64279
85008
61109
81016
8949
33337
81583
96926
30185
89606
14141
20858
56822
55548
26549
92669
56842
75304
41666
89098
32660
87897
38703
92780
44945
38590
25291
99284
30401
65090
79248
27713
91807
18527
76307
90454
18435
56
8563
89762
21093
76281
82849
15187
16693
9026
27864
1
97034
56790
50918
22440
71882
26788
94063
17959
47208
29286
46219
73199
35324
85679
4977
26481
87348
60682
80963
92852
70396
35433
48231
21600
23487
89842
3273
80182
78713
26388
78230
51032
3124
86174
17732
18815
43888
78080
68900
16803
88678
62142
15048
17607
5364
66531
8510
31758
46953
92993
86714
77680
85849
18377
61832
11806
22800
16386
81755
21983
79159
9051
17708
32356
39842
4501
70550
50201
54217
20409
19159
84421
64249
17784
73044
33118
65471
62746
52358
21153
41512
7415
11815
5123
19775
1867
96310
88713
67230
29694
53034
24795
34589
95460
25752
27786
1290
81926
64125
39869
36236
96766
30867
72136
37073
57127
72450
32944
21478
38153
7403
46859
40485
67888
81963
63937
50323
88103
39379
86878
50449
84524
66013
66339
65306
68285
22204
79672
96297
61460
71716
79060
10658
46986
66600
58591
76522
48593
36011
57785
51752
46139
24436
61418
30555
4370
82756
43303
86235
28525
13387
34159
96402
11724
8749
15142
57622
6918
81528
24560
20394
85854
9063
50748
31185
45937
74351
77436
87434
73536
35846
3713
32597
26675
29962
42223
52012
49087
28794
93933
1052
34253
62751
37897
28348
46012
87172
62816
2288
86138
25239
89157
88080
99810
26768
63923
13758
2414
78211
74479
5704
24168
53356
74551
29794
75204
20040
30245
15874
3297
63762
86577
35066
59051
79615
73586
48966
27341
3673
26725
49695
74812
82418
53859
33596
7529
79434
83697
23433
22005
74320
48927
45817
89561
91015
71248
61621
76161
61344
47834
28539
52472
3009
73091
48239
94734
42944
11067
35665
88236
14535
266
90690
22769
46439
27508
34583
45375
77525
864
23125
96737
60895
92127
89398
30019
27080
44185
63160
61933
1746
84179
22472
18619
31408
20144
13485
50958
7354
55781
90468
32221
83300
27386
68200
3926
26236
65190
55474
42804
9003
46489
14798
33029
96722
82141
9873
46083
42609
92575
73671
19342
53645
70001
38069
21384
44794
66622
74617
11505
29064
55467
86913
48308
21108
80099
18788
32378
44398
948
53016
53251
40028
67437
36632
75944
48251
85015
70448
26864
68068
94303
91266
19898
85292
56275
7522
96865
52823
45343
36941
34427
95184
99521
3918
91823
3098
91550
71403
11442
24565
9124
87046
86920
42917
92795
30182
75406
82581
2240
87946
62690
73998
90512
37968
56893
9222
66793
87141
46760
93072
36353
70481
20393
742
64919
75621
63390
6354
79447
73232
79131
56523
17891
16000
81468
63442
6856
39444
83413
23029
29035
41856
39622
69364
13574
7718
15221
8896
89523
10511
12079
88963
36383
90237
64588
45243
34345
30391
98307
92060
75589
72991
69428
26155
80817
62366
34067
58569
57435
93638
66037
63994
29190
22376
70324
56029
80585
70016
55309
73193
24589
92920
34542
94676
55462
65815
57608
58639
68990
39747
35127
84939
96396
17532
67800
79534
27402
41473
73721
40965
88193
77045
3378
58458
67525
70105
45750
65789
42780
93429
97427
9448
7492
37093
35171
80158
51012
17191
71974
73470
11047
61047
66617
38667
16712
21966
42092
27123
78963
98038
68978
36266
60227
23525
63135
76198
19693
99450
39255
63398
59945
4418
97098
92967
9151
72960
49870
44086
44843
37434
58562
62600
90995
91365
50000
97182
30673
66257
37133
48350
80104
33338
84682
40554
11702
97497
15737
62663
64730
40781
33970
22487
18792
69414
77530
88846
75384
70866
67058
85050
5226
36645
70184
55751
22375
50913
2570
67134
38835
74029
22025
94707
19806
99746
5561
87254
26822
2281
4260
77973
58694
79098
21878
32419
9352
23341
405
315
9126
46151
50241
10936
73894
18199
71978
90825
26227
10124
3909
42630
23667
15655
48761
7062
84584
36822
4439
68628
46628
91027
98820
22913
11828
28705
20291
22758
58857
92548
79474
42632
31202
50689
24968
70400
9592
29940
50339
12033
15159
84798
42024
77159
23798
64443
23491
61949
24998
12336
54451
94762
97943
87054
57355
33321
28202
437
56395
69701
74068
67387
86624
13414
77602
15215
3540
42136
73264
30420
42617
59088
15884
43201
32238
99756
65642
10310
31312
54105
50696
67155
28513
50312
15156
39384
5409
20153
74066
83562
23461
81602
84039
47068
50664
7583
80964
94826
68458
86391
28151
33023
53540
17042
48049
11254
8048
24819
37138
42289
63902
71764
40564
55555
69089
4207
18491
7905
73084
62084
22283
39966
7486
62969
90076
39778
79154
31372
14871
28440
26221
29412
92943
96134
87996
19597
60711
59516
34672
11127
75530
46303
29956
3429
41870
39744
98816
30447
77919
83392
94864
18434
332
4402
26420
58005
46751
33144
38354
2676
50517
70288
57982
9214
68817
6600
58200
27498
87026
8174
45565
39933
63421
41710
83802
78697
99665
68713
34000
12018
20827
73016
47534
11510
31632
66183
20213
89781
6831
69141
60904
18333
95594
15695
86634
59907
43523
92037
44931
10260
407
52966
24276
82536
29126
38830
51652
3603
97770
72726
15001
6692
89147
65934
90713
64212
63889
57148
32249
68543
22486
576
14012
68518
43941
33584
23329
98422
9958
93573
57066
18220
53923
19760
96951
77012
4817
69253
95268
19371
93034
40001
95979
59720
59158
65931
25905
48762
10453
53574
93508
62623
2187
13342
88233
89651
37765
95689
79435
77351
73630
19091
4329
20466
82771
72901
25256
52433
60532
76823
83433
85455
15131
83669
13203
26415
45017
59217
54222
53763
20431
84038
95238
69803
40790
78748
18713
29937
88145
36223
79685
48708
81492
45489
6796
4202
45104
57155
98168
71769
81772
88878
18208
23937
65626
52761
35058
3727
62702
14098
79058
14164
15895
31890
72114
48418
47542
75253
36058
46337
93100
6109
38882
79551
59779
60180
61941
71842
50253
13078
81108
433
380
69409
38534
61482
78297
25075
4968
76404
59031
79009
74297
48367
43080
75208
52324
33726
15127
51444
73535
64134
45231
91219
93763
78026
31789
20220
97413
69332
79836
45184
85548
541
77371
68347
60014
12041
86407
19476
73032
33211
54428
57249
48612
54779
9624
38683
45980
57369
80733
49006
31653
35026
91571
48124
59107
98935
33911
97301
43198
4048
42715
2943
81593
29361
4643
20283
86441
56463
1687
4108
32203
708
1891
87581
16829
3301
99145
77871
40543
25769
77043
4232
76876
22022
14614
13177
14142
49791
91309
84838
52976
23236
26245
61263
18956
84768
78455
77298
26811
66291
31459
35421
10155
55346
84202
82262
50238
82119
7593
21095
87511
75959
6345
55143
37650
77141
87404
99490
84171
92828
25777
8591
31761
24992
71637
75345
1854
50364
32064
23912
24908
17330
32363
4651
77540
763
70612
61503
29702
16226
66907
91869
82109
9647
65325
45707
89225
67638
50969
81999
21714
37413
29917
12547
4449
90108
91942
37098
42280
4880
68612
50247
48617
5997
70607
88693
48414
17257
15549
56030
75292
68079
61555
81979
61602
27252
51445
74350
7960
15201
27266
27990
94125
25485
47936
8167
99190
87558
62744
92947
96268
15858
22822
65350
1088
13759
78512
62771
64105
769
68162
79579
96628
55556
41780
35541
46517
54131
16498
51026
68732
65599
70063
86983
47866
63016
49024
12579
92308
53618
3391
63648
22444
73285
75880
99176
63521
62919
89131
70511
10388
54759
55613
15688
74294
57079
95225
67320
80229
32085
23630
48698
17950
62161
4767
6456
9406
83355
78015
32109
89390
40183
54717
6698
6487
26775
59636
19942
74758
9953
39629
35333
7872
82089
90783
83757
2384
99254
83647
79487
29379
68928
77232
63479
27642
10703
6073
43467
85170
53780
20147
90166
19380
86016
60475
1347
48539
10919
81469
26117
29683
43823
32225
10953
17613
68521
18121
12242
63168
11695
85128
39079
26832
51171
65957
23205
48606
1345
24274
27514
20030
69624
80886
66042
52801
72649
65283
57852
46821
65988
13961
92224
30333
82395
4975
85931
51931
63262
66517
76966
27769
63222
47778
26507
71469
40124
30041
97780
98324
17414
68261
33845
45585
48380
45205
75306
88220
29316
46106
89693
95209
2970
20837
58284
29425
75338
69240
60047
45754
56948
51667
74208
95170
97221
30123
52643
43977
42430
34756
71957
94505
44367
89494
46460
52181
35346
65616
40665
5065
97108
9772
22756
91619
448
603
50481
10482
40390
19002
85334
58124
93598
55444
43865
90261
17353
19128
66958
10753
72101
53000
66782
72682
81941
54169
7140
31512
17328
33172
34731
1302
25390
85499
51271
30499
8021
64501
78064
93266
20626
1255
16735
30135
50088
52720
96148
58131
91434
3961
67503
53161
24990
29234
70540
91151
17041
76586
28618
16012
96755
94942
1702
23771
46967
93141
42914
11133
70373
12866
82499
77206
85434
71798
54294
96096
45383
85312
11727
5216
64449
29682
2770
27761
14799
31301
28888
55954
28834
71790
39377
10476
7336
27512
80223
17046
64192
63759
55995
22767
22103
53078
5582
57013
63389
92462
70454
87252
10654
46873
76396
37532
23774
60114
50580
93642
16286
77701
45319
18007
13210
5674
99331
25597
15531
83969
57436
23168
1219
49375
72247
8268
68556
85538
78635
26884
3014
33776
87122
23906
14404
71706
59242
61546
44130
57463
11416
41106
97750
93188
3480
13135
83014
49137
28497
4722
30744
34248
18098
72535
86054
70944
35921
6038
39411
56664
41577
55106
26279
53382
69036
13400
89461
56959
55394
40324
70743
32864
36160
34980
44164
81483
18920
73645
10023
71825
175
68461
35199
45847
37907
22919
75368
34269
65158
16158
71010
97607
57000
88209
52354
39216
57511
72263
67459
73789
87769
90221
10941
32871
24821
64123
30248
80760
81442
90030
52880
98997
29704
97086
41991
97789
89126
20249
215
23250
44480
53831
88529
68511
36189
29735
91859
88769
63692
34302
19845
8320
39169
47631
13034
10843
26524
32450
6036
9552
15651
19595
67436
1429
29016
74334
85863
74759
59823
64634
36446
78954
29919
29533
18198
84469
49675
972
30353
75933
7133
54866
29073
65455
84737
44977
39809
95037
22654
9289
20079
13810
12861
10133
94312
34972
18213
71985
71979
78901
60292
49071
52005
15700
76049
41006
85364
98133
20922
85138
75804
69460
35000
50929
98495
51370
82984
59813
86538
51100
36167
4340
33907
87815
32966
67741
878
50011
70892
9042
28283
10381
50014
5077
20559
73659
95969
97119
48786
90381
80421
61748
51490
94077
96016
14566
80847
21056
15489
52754
59596
44669
68279
65779
73270
77732
14258
5815
98228
41211
61895
49263
47689
10244
92247
14196
18594
1508
54680
12105
67848
98922
57248
96911
22900
4885
11931
7661
45125
46927
80681
89954
95234
8839
82693
11509
58984
32993
72862
28610
35220
81670
26758
99965
57085
96088
12271
22369
45850
97429
45058
70659
51159
79240
85317
84676
56042
62125
16053
64640
77761
61237
38989
14882
98269
25103
15484
31077
84347
61797
94287
10538
28532
89615
98639
91680
97798
18778
33816
65955
5508
54197
13693
88787
81280
80508
48190
55527
52232
60442
48524
55798
67055
73209
75206
58736
5038
14666
30619
38495
83060
34308
71522
80940
92925
56744
49701
34713
90757
75782
79577
81723
17078
61019
92189
62848
70006
55349
60357
58101
5186
99339
29416
33770
91925
17322
47971
79305
66133
12509
38033
69439
40833
86827
6213
98527
67918
33956
51642
67221
59039
17651
16855
93450
94842
50577
39705
30365
38445
16197
76855
58014
75355
6950
29311
98738
82126
57420
2229
75167
10170
48704
767
31330
78515
51183
7153
73275
47370
99917
12922
68804
38622
84779
85587
50854
25646
4890
74040
49431
20748
28227
784
63704
23781
69652
84206
78886
63966
75454
90696
98545
18090
94727
72907
46988
17052
3802
35520
463
60263
43472
79797
46184
64031
24037
68238
71650
87880
70939
8629
16255
2027
46247
28366
63455
77814
41808
43912
35038
91318
90167
13292
53818
33889
78588
68613
98388
32336
28820
77007
25486
95463
72144
73924
20659
35073
62044
60739
54985
60065
52409
22722
16003
25631
46279
76807
72959
80651
93912
5629
18237
2371
21619
4126
52220
40977
56432
84513
57714
17188
75138
15515
8101
76941
6289
98213
35630
99244
56224
13507
24032
46207
7544
12150
13327
69153
98265
58377
9399
26942
19551
8230
93370
91272
90259
37998
6865
5473
1554
31263
74627
37952
4491
40104
54917
824
81421
26915
48653
40044
47574
32565
17848
65147
14587
14009
93779
27975
30654
30119
65488
30464
9114
91264
29102
73864
24128
45313
77924
53764
81251
58673
11435
72918
63296
17544
67557
16074
27974
46343
40328
58999
72593
49348
49937
48458
39325
78157
20351
24609
61686
41574
16138
94525
32594
73019
40117
16541
43450
98546
77618
97862
67380
58602
28355
31868
4628
27619
72164
82950
37298