1551404487
1915681514
969605603
1306082129
1410026823
871595427
1067779578
1730214568
1638909339
1661578627
1833723306
1153288579
476277369
659085105
1115841713
185167048
83766773
1945003579
122806960
1149320746
1002160624
1569454898
766071711
571118628
30885406
1155891697
1522632177
2108192514
707759283
457910783
1290563653
1943426329
1558364074
244794122
782295237
1912899607
632475826
2117476244
1774946335
1785634165
812694965
1872641962
1547401758
1003516937
138630149
1770071502
1191697892
1031692471
520010789
1172396022
816719814
255175752
864860210
1782591149
1745082052
45997139
1312431853
1784558680
848056227
21518679
238861670
1202910867
2062749609
780346347
1301113157
703417274
1844711669
279735052
2045029816
429600388
947903096
1925182870
1071979765
1034449353
2131121556
1630826702
1189408874
148221540
1529553743
298702363
150552969
1371335987
1012386612
350960085
2122302761
1284484923
1951120838
629765430
453546907
1502746089
546292898
706297198
1641031498
143723891
1546787376
173955538
1385323533
72186717
1678377733
1190578996
922867981
1731498776
1184195289
285464142
305917774
484283077
485517088
1625031511
1825019612
600263191
604963143
1355564216
162452626
2094263637
903973516
903845592
1051488906
942134911
1829342074
1871153939
1054643484
2037905032
416891136
485838794
1534940821
43964610
975706413
1931077524
297087862
1453013592
229638539
1102930323
430420325
2131318772
701169941
872940769
117263029
1389900673
19281877
1985315112
67782797
411972618
32964126
1331254865
798021047
1292149185
856718691
1587332436
2085958663
657956892
1099152563
22133806
2113904230
1388341274
668580562
1434144497
1454768506
1592370340
1796657141
564359157
1292915955
472511246
724578585
232700204
757923701
1263446460
1074794240
215627923
1045909277
283191010
928148169
373051845
931705010
1853032803
1630296619
501278378
1890447210
1856099803
772871502
243931468
933521238
904440248
1581500486
1973557450
1526183019
165592707
2117780012
230656869
2557997
1013686077
640170971
770000823
1480716281
1692799460
298225732
1695493892
1184822768
874567445
55140463
933829289
652945020
37257675
917683470
606727857
1350050944
1604831557
1633882047
207356807
1159665184
1658574598
506207711
2063415493
485053481
777532150
2082152198
74720042
831809055
294784934
187924770
1383917483
1955951842
1646581937
1309905971
352810400
672726524
1878918461
1536554912
925495839
1111372170
465326241
597050165
1764050534
1981416644
853449505
1001194938
1965482865
1183097642
1134613716
329175857
1121053868
2079623244
380204199
251378859
248191939
458566710
84942202
1437084615
1252380565
1551617143
1441674088
1700641736
63297606
305888205
1907639076
1916947026
1949348467
1019363951
1326136702
907876801
805438337
1132181751
1798744325
672497446
1617053967
1255286761
249367495
266614239
1587269002
577623524
435023668
244847314
777589726
178441827
573636641
1981837638
106499145
506989360
100658408
56316766
1981318220
624396903
535085996
1108004914
37053372
1017477923
1517335226
1182075275
935815413
645221063
1371221259
254509883
2041787949
930479339
1874302182
1445615127
1563927014
987486176
974106274
13457555
297950333
1931743202
1972583817
429979384
43523296
384809689
1890667736
125179204
1747822173
683538124
1911932644
1039922334
374479253
1052888291
1900944470
991475316
1218454159
1393490711
1291967895
1357428531
2134029801
1688301176
2046314567
1616288418
2071146281
1509283866
1211230950
524387291
1528939057
178677405
7184533
1153733352
60182993
358960728
149047031
772432374
264691063
2069850658
283815986
1204345912
436328449
338419388
1284993810
1202546779
1369299379
177359582
426924876
591855777
843398980
423603676
1870224351
251359901
1964730387
1603981045
949159318
1492033674
1424123255
2095812409
597468075
1427521095
1352863027
1335177236
517095557
245507059
558268680
232405114
299037858
252244001
758078821
102843057
1846018448
503993272
1381097786
815570102
450583318
997458282
1051558122
1747666253
1108500591
688642767
763328095
1390964648
300656566
1347523869
1546453047
1019697075
845864285
645115782
1440555548
1382797562
262920663
1685533998
858052657
1020041784
608579414
265249992
287690664
900931453
1725731246
941225932
2016335472
847049978
822581849
587621207
644764684
138277996
1375832724
54135966
582630783
1327925027
888196518
132713232
452335203
1367361199
596188480
142258696
274116889
1296809510
1310149120
462076972
852262939
2032973331
403294736
1451987557
2136500846
1518277886
734547947
685492347
1075590451
2042953364
1682885440
1642629452
666285147
482311027
178542062
1872252072
1963791482
84775828
923578160
877973708
1411755957
1942119766
433784530
138473849
424542166
882991907
674691745
1461098161
1015832446
1463321025
1242613730
1970443534
897019002
193118519
1980748536
1486354879
102235438
1740249689
781633321
143776799
2073541421
1814461171
2049618042
1571974899
877499627
1890065038
633246134
694135616
1834637450
957747681
1857755278
311004871
26929616
904838871
1832006106
229345311
2103092538
484843321
1856528381
108677741
84386345
2033642489
458872167
2147017409
710125115
1893588762
285177141
172198160
1036499893
649276990
788003827
2039236298
1476230428
1749869518
444314241
120401176
344999907
307585216
38087955
234190004
1921624126
153874696
2113910866
2039644516
498036757
450493597
1861498528
1942709012
919538452
289799974
1190612857
1087704719
1711849951
1756762177
1420292852
1475291098
1247198819
835085936
247157609
1381816365
1479983944
1402265249
2072221485
508217743
597338242
162083417
1211147385
216728077
1311952647
1102194300
2023655785
1017182358
468114843
2049612987
2063278624
1831066998
788805830
285086106
1246019336
2040705133
1634650087
1458745629
2042473783
1003839083
118995299
1251462158
1443668717
203407595
1632049142
240785390
889205306
2048850153
1560290089
97239926
1256948669
1539784577
638942436
885328328
108313478
1329587750
461463067
2019724855
630295069
2123161723
291972260
1622239919
779389852
259051985
1155968041
1051556547
896939767
2070427710
1119814713
2075462994
1068384092
449703766
1120220537
1717421780
85879221
1556276361
1888282615
390667846
1528690763
1324775193
141286559
1003716272
1883565700
847945142
1818119110
1927264080
1753779917
363236279
1700879076
1110508645
2125370514
1299984375
79297375
861969049
1708313706
1043367754
1349624962
455098123
1251134544
987520155
1949792908
1388975609
2041425420
1197125795
585864421
1943433735
1302449585
1500750664
243479915
156438062
741387839
180770960
785375979
1367587908
1741768296
1178727232
1629517996
1611346467
35329904
1520787221
1372740901
1341865849
1329106989
1493124254
114962894
1066817068
898981422
371400884
573468179
302051175
1483042552
1981684119
2045998949
608171846
1768653676
8768423
292546667
1128925466
716330820
497346492
1112070487
725870169
2044296892
1118641442
1685134163
551367205
2085043277
1406363956
1907587353
1808341879
2015539348
1848870548
653209250
85934056
1569580626
1244190212
2048846326
11251996
1817009293
488028900
1278592802
1903797963
1812123859
218105160
98752840
1322452845
712715166
1617732533
2105733840
2593154
2020315347
1805022840
470908604
1852903291
1601680997
474594980
702831898
223780936
1151058710
1442005670
2139870354
740802175
1916147550
782099078
1114557215
1063800870
2031190628
96662972
1624020955
1504815389
1981187369
1382837421
684777458
1656818219
1389520324
1960660929
662376633
474662563
736949448
409261602
895625431
1311890098
1309804225
1707732498
1240900257
297163848
1977730013
159428841
1559196036
967430305
977997736
406379690
1579951259
56561775
744844016
401345857
1705336929
427558054
814993864
755240796
1210450304
1907238371
1888499623
1713194723
1167743688
757549178
1427596208
988726037
669524027
139910939
1785138956
597768768
882422085
19693087
549209971
653772573
1766364169
116590965
1469986762
1254154694
770315222
673224483
673290471
2025041492
496374968
1475195003
1771252848
1774541593
369446443
1741110237
1899742177
482601079
268254955
1918433571
794195371
1446990939
1931430886
61020845
1761198714
1428144986
1388158035
971777288
717130895
811000166
650142940
789110589
1853612877
2021938220
1415541751
1527168436
899466447
2009643278
1503588691
90296772
830805942
402671800
1631281773
523626456
105725696
601217633
1377838657
803937855
1307560467
724607136
1321515550
1767431823
1895490266
856332776
956316050
484361143
504314886
23285410
1797761925
1864472224
1964007798
2137134821
1589825122
1553148800
839281841
1735705045
753677680
1615759803
1013923728
1324030101
1739368767
1572759669
842893049
937252586
57597245
2056956344
1814423494
414405485
1529326696
1521098303
792647619
1677963628
304099102
201358301
75351254
1230902879
1855069200
1438978189
23350330
1938357506
228329045
462248983
274359268
2053857300
43657882
77552219
1591638022
2011436714
1657380216
1537337405
167943857
181689392
761711838
2097040685
918430613
138452477
1163224749
656184145
629984740
1463961746
1391384163
1616181330
734618197
53931632
1005956078
495673536
524747589
1942274707
939482530
512645155
973418743
294781070
1040906054
2032256927
1049906172
1082948676
731015241
968240450
637311918
922235712
2001552146
1942994414
1943534294
2127518130
1429659509
950893534
1290693741
585891079
1263989313
2138500054
1378351744
714798627
1852492790
800568043
1227514156
1849263422
1006538900
937101036
597632969
1375375704
669571726
1917680492
503769636
2122720602
1653627614
1267357037
2034807780
1769301195
990521394
574762923
1123577869
1800852011
1025019716
597383554
1572703907
965370096
712857159
1692990076
1836261990
1971481882
638551421
1354540155
1001183420
1886278261
2092164837
260480640
1700810157
1805974891
1708691218
917754389
396910088
653356931
1166467351
419226973
1063330
868798842
1789173663
369666998
1856903102
1058098428
598981913
255637256
296849288
605718527
1416215824
1849258925
1627895484
1851538365
1777506456
866900221
1031227492
1511850316
666908644
1098209396
1262040510
99290587
42382069
978015618
146154299
1500657803
597076845
91885552
215446436
492192743
927609218
1946913514
1969398616
1760429314
1657652749
64068269
2134889904
766222892
1733700546
1834672846
746100355
1715979088
602724731
374157092
71954885
1695100397
1451753389
1050423635
1760895818
509601455
1178612475
188370166
522993833
186815145
709160425
1959902312
1613520699
565080626
1154628521
258930735
938268739
848686937
1375534609
359262982
1415802151
168778246
886071470
1122638982
2077699549
714410926
151923442
1354407024
1387799393
952224946
235717512
392501401
1133502562
805827925
1388893896
2069374834
1434401277
957310040
1231925830
1188262195
25135776
1022231860
1215727493
1595212196
543293713
766525428
708569033
309177480
2037226887
140659884
1281616650
1628901030
732208886
2090927257
1415615493
293885301
1682195048
1363700439
873407340
1527748451
1478350471
1321191097
583281725
569910978
689325367
1766246856
1052465968
1514334544
1837716832
1847909211
102695753
181689953
2124416713
626213840
885694862
1068277163
285051424
399282532
229419475
338180270
379352854
1555509428
1465847473
2033027262
1903035047
1925632721
408098453
1037865902
1718032247
1997527802
1457795060
1011896603
1547915864
281128440
233739932
1508031058
914621672
896556315
1514257446
1339141855
1144094807
560187084
1704166792
481908659
1556548167
1651107535
932745159
163140337
9829836
1535881240
649514441
971280981
1660074643
1751083590
1519055176
879785537
734405662
220802240
5124323
1486245734
1573425965
1965666667
1932598606
232984843
181877561
1141201157
35215274
392404477
1587750425
1303436065
1811618544
140032531
1367934920
393132991
2036640390
1954826845
869485630
1136672903
1273026548
1565666793
1629217146
1147027362
1807151536
1119459633
437870497
1677312566
358714645
1599634980
1358647616
189404284
653966706
1503210191
330530222
1768783231
1643342399
1212868776
608581517
276527218
1607767659
1788413559
1335480687
1341843887
1822722769
106452706
123566740
1700555080
1542911432
1390005651
1705108945
2118147404
1976447449
1114735880
1287797901
1523727768
795149708
1682708214
711065574
1937636182
1692094043
127979867
548182513
1247421975
548743368
2003694111
2144174366
762382473
1279477642
324318054
249819065
624727765
1501842402
561877621
1302548876
365734039
1996099853
1800002366
2122426786
1322031227
493550802
698229385
921129510
915735409
1840678715
1583478977
862427242
273154444
1524976480
1242283865
801101573
943837820
1838158686
307505881
894619668
1385011110
113144167
1897634697
1227893152
1143821789
412391412
818157240
815009312
998119616
1404125973
275073705
1581847317
1366602160
1008182504
720152347
2090248147
1383935083
2098095912
387069044
1216900704
571388746
1604056029
1672180617
1887371381
1764179219
72963889
1995452428
1598079649
1232993916
1784163427
1549389715
239699853
854669629
1861035988
176441153
1208083802
2116264656
209186879
1098940947
1358118695
939998408
1104812294
1559929289
68920494
836180171
1012543399
1762862190
307546638
626991662
793570893
863017094
829651363
2114496299
2133706115
2088774100
158925329
1704197057
569446147
1236660421
587612768
1397960745
1601002413
629313148
1381504577
1807709424
266235539
2067939195
1200555119
335701686
1658558257
625094379
1140863281
723917697
1069825210
196834440
1256961788
1286761407
79727757
1106233131
307537717
1546358998
1881234887
1896517109
2029589779
500028266
810122226
1873386005
1420602531
1755554602
427535066
1671131959
650016741
474944087
1913378176
102088842
179999764
657805011
1369897512
268761195
1222818051
2009748193
382502285
884940979
491033763
1864673151
659353397
267782554
1686314145
258257501
818710751
1021447494
542644268
58239353
570856216
1323630068
832914388
1325262424
66832620
1073056962
1220579726
1578234594
1819849914
832443158
345843412
829508059
613629985
786319535
380295913
15164666
184815894
1047400518
98572090
477319848
582444568
374875360
729684960
624799062
1656374138
507908531
366856770
1982885499
1893983199
700677810
420689880
1716434729
963149253
500530103
1956145930
1416775755
1241616439
102962252
882099255
1584792701
1084819622
1480005142
1121236177
2024830344
925348818
867668959
392791717
462876537
722242531
1802391359
1960514872
1947306844
1948882324
1833292517
2093448013
1360122778
999038607
26322823
887281284
1241619436
1429294803
682929508
309682972
1128079099
882188113
404702322
2103464409
933436310
1992877975
1162841386
531028481
301419407
85972131
1100524524
294594944
1778331186
1825749722
547002639
348583211
1166458979
258069777
606250889
212962081
1685740627
1410474695
591760440
725707086
1385994975
1707947894
847663051
1990031881
615690373
486894846
476722512
879900893
804216835
1613597506
194002778
642851173
814496910
502404814
2044960206
319089232
293770668
1943247029
241888842
963063429
785450670
1965314426
422238515
439109216
1800422350
1189144868
154219866
157561625
1919508193
58904181
214334539
842767942
2125028792
132388659
1905654065
1307971447
2077334553
1253561253
1190771817
709532159
1799492437
672589594
1444806049
90072274
1678918022
1095800738
587216557
179080842
108989031
800007904
688447718
1247874948
1746897872
978576887
1120100159
203709479
423133132
13850274
749092582
1898948932
1663395416
1290865504
664180882
199087257
365449403
2128877772
594803823
451613552
1910818941
1007159819
1361506980
1817553253
1574431749
887843422
1963113085
1769212228
954694355
879498711
107713082
1333322257
1224944470
1059234600
993882483
459520545
1525630058
1407277206
956547110
1986320997
1258624114
1755332109
575747167
438660039
346390543
1240923726
873439362
1464912044
1505985146
526281027
806493240
1783243930
774904196
117344628
2083557876
575261683
154056487
367746705
1717197601
2018467296
49345223
1417768751
1862153450
2039120457
1015665675
590644112
1182824357
1781644800
1129623891
1572207515
1289558749
307701501
1246837717
771576298
44150778
1883560644
1278604119
496270850
1757683087
1197947107
26467211
850593694
605914432
99156887
2063199490
1531821348
1042112078
1577429135
624188366
929963833
490696385
752358344
1160474041
1426305904
630189361
1529908887
723991067
1259507741
515093808
1809992901
234442076
1942328136
1310660695
1176594900
1533200903
2040518333
537163244
1007958112
1000161670
1659900737
11297581
432465313
1272323712
1893844191
1425788476
358519565
1783634636
674431584
143205798
1859725338
744217360
1708333528
1214787217
1979268641
1242589691
1620911197
1684329346
340895838
1597893915
606266067
123721161
232405524
941657435
305092067
528804745
1546620109
2021600541
242066186
784364648
700033215
2093032944
278395085
1674809039
1452380491
1874847726
920339466
1195898846
255580063
1095562421
1188538474
2045886448
223245690
372396032
485674483
725843398
905597455
1383800801
1320170938
85609042
240448259
1001641629
110421942
863072034
658832273
372039715
434039727
1430409575
859585485
1539337515
1462640468
525583266
1351889414
1137415656
272833388
713328618
411959364
747941481
961673765
399469788
985987056
1776043665
1764880521
964955935
527629715
7598001
1678757134
1234561426
1649944247
453870015
760778060
689176085
545985513
312949302
1047682249
1735786737
1527621856
1084534409
967667440
504402149
651814072
392834117
549144097
1800447438
2069150807
131055810
1259477474
989265905
500234481
932889221
1946889778
655294952
36322470
721442357
224792062
1030291240
1436577608
111216952
1984412333
630630699
69072187
2014657514
1609302742
476636478
488059509
2057549178
1898992145
2119759081
1784150950
1740069728
2080533483
918256374
1887156081
2092869246
1085449203
347768608
1888948695
1643057107
1783645425
1098674778
1625703349
1217416918
363854134
1194325432
1430327396
1737941877
900146703
999458302
1606794110
135464361
2005158995
1351392708
1488869568
1206957238
301703196
860897346
106428427
1649885180
532687250
278961854
930697093
1296188285
955572451
674130575
1090430428
290697708
1755731791
400752076
2080038571
1660823150
213163871
1127031958
2054793973
77617136
673072693
746909951
1555890125
597567524
613961727
84452246
2066748696
479291417
1978419589
233525905
1399606891
2079591541
1054122210
1645123989
751865870
583478098
86021968
2116762660
963748386
626376115
753679900
268518563
1387422686
1390919330
1708003512
264686087
2008854773
531227111
807591407
185935388
192936724
131578982
892981811
1619461746
1038662023
268032022
1580045586
196501988
416542971
2003226010
2010418119
1223687366
1056191838
2009996669
226587373
1331873194
1972479971
1342513935
292462927
443282639
535073569
490347222
1942054362
864385063
870475611
162977459
221778612
1290458628
382662874
857495955
267151205
836849758
1876951671
1293563086
675097651
2001908419
786370101
1555570975
755822733
1387713755
1544947210
2029382977
1446051485
482245527
1075105471
124615714
1095415296
561177334
153251565
140782790
1098293138
992467571
1737647143
1223992763
677358690
491978255
165603382
1766825524
343552453
515454454
796067967
2015485637
932271238
804561
2040238465
882332602
730510651
1201986727
457437307
299281172
1819234227
153229936
840191274
785291297
595959691
788420664
2019048880
728069815
2126003167
1161386477
719951504
36546573
314915870
1773332677
525400278
927769397
1759893495
89479502
210100308
1072190266
383964272
257828883
1179784198
953023698
167866389
1787524840
1954052759
1757382080
1123917901
1700254931
427652349
780638153
1451332040
257579671
1097793855
37927248
1599569428
486000094
158140247
2077431184
621938767
1886510338
2031505970
399920758
1412985591
1991050616
495245011
1817203225
2135367901
1129879257
2051804056
1949552087
120189752
1378161807
437662101
346061069
2103260886
1778128920
841585180
1639518578
1656418925
509629946
1886179935
1324778257
390432784
651740995
1922146092
1434146273
907918269
993042876
956240598
1640110850
2086752531
503736490
1426675508
313734038
319853089
809435200
1712989635
39447354
1852584281
202788260
1153820647
297173024
1302468771
609586588
1870879055
1563054795
1261885326
1817193429
1593290357
1196758885
1115849377
977962192
1839685957
411927232
1676867024
209362026
1350297045
1326288103
229805066
1737061126
1964026195
1729233760
2012315119
1157383000
876469501
1949222146
1686190495
2060948177
16625480
831824237
601105838
952278690
900773156
597390889
1391026483
1620070255
1578132823
691192670
1431515904
553352594
1592436742
1904513581
763361771
1010233353
1278188627
750397099
1457033291
1028530173
34264607
336566136
507786367
769288944
2027124208
1557857535
1297164456
165739906
431135982
2105395788
1271028598
208167135
18210568
2114036100
230001696
1494824136
1283159348
503928326
924482413
78397501
1560285651
1583103517
2129320944
1604362949
1936873778
1196250718
245093201
1733791833
1806573613
1647474853
1337786053
635412979
465679086
816695462
1472597151
2131780782
1375831507
408096818
533929216
716665242
2010305134
903111945
2090941354
170063902
2075902629
1274876502
1436509427
1340753162
340782074
368533451
1971169237
1779658809
1358560485
1900638297
980096802
1765669599
1771019870
1010766476
2035047380
1173145717
405449591
79297666
415226499
2080799806
169017637
1866435974
1407286767
986310004
112609311
103993165
9394365
1701102612
987708126
790302924
982609983
1219874883
817105349
457381044
2140807788
975670875
849059675
125988236
884586735
1889540503
1512285875
474104169
196533083
1138405207
276649453
745033547
1860612731
1925342479
574955221
1533456407
263892679
53613266
1412007848
1574726957
342295539
1265900663
466062839
1419421349
48499618
412967781
1003951525
1227072299
339599673
1862880001
581436938
678740852
768125134
1618041264
1847121722
1791095644
59052862
1543086219
582578528
1280889502
1055379805
1890825119
953770051
1456172847
544196681
1697422557
133070059
895879991
337770712
2067190693
1999720285
1114704045
1312762927
350741225
1000245889
1937224846
628529012
1599211521
1541481509
861817785
999934107
998028300
1612622618
891106154
1216958045
1931704829
1851235708
1461518161
1104588103
594645833
1848090896
84836174
328160239
1021887787
2085461957
911453900
1827496001
2139426962
1839327837
1027735479
2036738039
2040215209
438346533
1028922139
14390823
1971764224
1032901344
728289626
1337233398
1721545820
137669058
1829671946
980529770
732119320
1022725784
909538153
1259789150
1357007925
1942404613
1964980605
1989611406
1952492038
681794534
2054741196
477589458
1823042417
230226135
2034902197
1547112296
539478754
673033679
1386609002
1037344106
1835318738
1510019046
1515944331
438825822
433575151
1303993912
186879839
601144044
1043182825
1719823329
67133361
1132231850
1182863833
1012525095
690916421
1957267987
396867405
1211942583
2127422454
1372673175
654558964
927181320
568769133
333702092
14809059
1373131228
1464516992
1447509186
1961902209
379334629
715382308
1173924980
224720150
1857578116
1349587728
1727727449
1654981866
1968276908
1801009905
1700270106
1664655389
1776136678
1371335747
1609324383
1229467651
1799459181
1332510931
504891075
1078996025
671156089
243063502
459548902
1708717641
1218082201
2030379396
1683169440
1466467829
7312185
96030655
1460412754
1362513956
227343171
1987644858
1551669849
1896247910
1750184418
799535296
268937116
496487718
1133118562
1226562147
873118021
1172395627
270878004
2000671061
964674700
1989513034
1801717261
274025958
1945661359
78095852
1666486829
2082706458
1311951614
1199337016
1707969213
1132746086
633293074
1705638685
234006353
179729415
1589168158
1179337341
298695822
1356030464
915054173
328848825
1153845989
1037120942
1666038699
1347836117
1457780605
918760969
1535447600
153682504
132935983
1462501497
1091737655
1210977635
1857250219
1104210514
1430344989
1341565275
2021341880
154279918
534121316
453349109
70227864
2134692710
1331638759
1305937613
497973897
781495532
1586892328
1047972418
610484840
831925960
1018028485
35834113
507954289
1100029677
705379593
1444969773
118087201
592556088
1999415455
1029380136
2128872252
1317061956
1907292258
1127969281
1666542058
391071468
376093007
2047821178
1715771133
451291230
885869724
652468916
1465461838
1322537688
1575444962
244392569
1014102853
1271747331
1649648245
1517552678
1588755830
673137128
1479770068
1940193331
839120232
2079589267
1261254460
267172193
1864931698
945395011
716520535
1425692287
1489193663
1808713034
1881038098
789147352
270301808
2001555079
1762594956
215618364
1997864672
1126166910
1093632810
440147369
599898883
451069201
776671687
219648407
599202279
1031117021
903415305
1366193885
523862109
470541108
84641231
200358211
2138568369
277042354
2051065798
1728394917
415788180
241290110
790740763
338544064
246487323
1693253663
1190826058
1849859996
1635817696
2002380280
671891733
1415787926
1148095558
1471633762
1440494993
1891966473
1373149147
697783652
1291660378
972317080
1162594518
741575441
1201048551
327095067
113803199
1417532543
1747579640
150092836
1076831022
467311967
853810732
1646577709
119930027
2009791294
1950700719
984463455
1999421877
187551575
2134814224
984451585
655911646
1050340370
1210360624
2036816252
855251731
1481693213
439123030
153414663
27130106
1826449702
2041663072
271149555
1601895540
2041778226
123099412
1856582549
104518209
98587037
711440533
444193483
2014386115
951878318
1085766641
219409197
1661685979
573867734
381965015
674286290
913775088
2115233414
1431839846
57253308
26359822
248658346
757072160
1717614049
655378730
1655865285
841220605
768457174
1589376644
1191288746
530368156
786254874
1505078053
177924308
26043540
1985453309
1018163336
640487523
1474542057
613282091
1579791189
866632628
332280987
1925564121
120115784
1315015323
1788166488
995681163
393967921
1552372543
1253552977
766260351
1093462548
870490515
594319145
924060602
834827888
1972960365
287441674
1348133804
1965001373
97964612
37197266
1300788098
700173646
788639627
1999402859
1834581513
1715762486
1202798756
65260601
741696826
1576146632
753678723
564112812
1777675366
753814550
1587404000
1510070773
723530495
221821147
881491224
1407347925
2013106688
1957760148
433385633
1044386704
1922934266
1986249928
1108120616
2031242753
929951676
1175556457
1415255113
1585278663
1252136351
21323091
1768085738
837889181
1918857067
457907441
978488372
1899345608
784672490
1897506047
1765791535
309878441
1950455559
2044980073
2074283514
1495795826
449196961
480916563
1903109539
1661121781
1073079282
1760152882
1230826921
1513658008
1342069142
143792151
1261840139
1713259365
1594592827
1573898508
1658630924
1085191742
348991972
69949335
1410577286
1429664045
788034521
537249371
861148904
2131768026
598552623
298779358
282307022
2070597910
1875651568
763576166
268265532
771418771
675064294
1865468156
143353974
251216310
1786397193
1486748562
182344062
75346565
1160283522
46077504
347352875
652072379
1266194779
698732970
94320098
1318159099
780505542
1192278654
1698195444
1799881761
1225717767
81687066
1000046228
443804595
1757775102
92870474
485021811
1690345590
1532279381
797980975
1508962298
1287901213
890545218
1299961403
611236643
384703260
779726329
218696024
1878126324
107047836
546116274
356067112
527417498
1627949447
244782418
1317416296
167796254
1177722306
206358712
1451984494
1362688198
1865315963
1457902247
1461732049
611703563
1946975896
1494954827
1078987559
870687793
1558936142
1826012010
1056058345
1407083401
153303763
703298344
1123171699
244772159
39951147
36311926
785648168
57303776
1434531871
1831367705
1303671987
1961986413
1118205261
1069756499
1076052072
35464980
1898348888
223818800
114146760
1270235793
319105855
362103918
573603107
1121762849
982612683
1312641801
545671512
871000094
1475747362
983978595
17616056
858274620
1536286330
1951912205
698049033
396699742
498953703
1791313973
126792614
1608082454
677838932
1628415660
1465117380
20369848
532758928
640696978
1485328591
1190577689
1279941248
1320745887
1271817458
1727986665
46716787
570947601
21465014
825963434
430399891
1275725358
1127317186
736532812
460676470
923618421
832123585
1033349479
2069995732
2136380005
1585981793
1041428500
325423443
1858472937
1940413815
1821678441
1873419903
377303390
1932670783
2064022415
1016408277
1439026755
808617665
1897376384
604309502
420679804
1509065296
1376040290
1672020505
1954021955
27913005
1471332731
1027647025
385579179
818125384
53331665
1996037070
1047011538
855562022
893491807
222206375
1714943395
1589377758
1399267829
1632195957
1789200453
1156120893
20622253
1938841314
1331569956
1768606217
449184517
71432096
2122088346
1990847587
129531294
1695029911
683683385
1328946757
886102416
1339622454
1584128439
358699563
2061526888
427732459
1962205303
576965839
260872639
150818477
2009264304
1059886348
451654776
640684726
571243324
211140580
1609233813
1794399311
135647487
1433025181
800600502
1445920707
56564978
849532166
1607368240
1811680373
775630027
194670039
644162246
1636881678
276945483
617956150
1803136263
249628878
1261666084
1450543446
287416131
923979780
1485798788
532121914
1507710251
1348140441
1207338818
2029103512
116480004
1662617542
1905388964
1572398040
81722504
1746901477
398713802
185616187
1959576665
973844837
2021211579
437406745
608279843
1119705048
1161025035
409786690
1495381837
1260989479
1991074853
695532934
1603751515
1248791781
48573755
1520795473
509172963
1142904256
921147847
892044398
1361008169
1245266452
390420924
500610028
1487445850
1421584025
1000366414
829838366
489693793
1875006525
227518555
193136316
252703850
1295881741
637482612
403498278
1063168497
762731596
1556129164
1784667849
1863291526
552126118
1826153789
1137466266
1077458463
2141708158
802859185
1470121152
1446317593
697858660
1206487347
45921614
738661325
1551779746
695764818
410432814
2085052107
3493621
739718319
263553049
1554820278
1604526937
1598779492
1621555906
1014385852
2030977533
573194257
621484050
1985448111
264187478
1623256964
1294012558
59917765
1379269968
570966276
1036873174
1482209001
1828200863
1722685499
1472072775
1156684475
1696951091
1897834941
1665225919
957882155
1287670729
1216141625
861409408
122168493
872714910
1263145019
274553133
767114009
1617490238
100169627
1301694194
508973603
1981463419
1512512902
1160978113
2074457970
554202234
460730918
635822775
2113182814
1443289832
794436849
1481524893
1137900875
1013270090
1891044491
1060711049
1050698909
1736525681
452617049
1815207333
1563927383
62299659
25150115
742755079
1800354131
1904719190
1340991077
725439168
226871072
1177287152
1636033459
337228017
65897331
83131083
1419975622
207746326
1021267532
1850500924
1944130983
251964262
1200462759
1990335538
1060440182
1731328595
1121521626
710840963
419922007
1642534444
1424770961
928784482
816261114
99749091
12707172
1563074541
881615046
1747405800
2140118802
721300707
1803940770
813064755
650290269
226937715
1057211487
1788977249
1533368705
188901935
1054413253
1521768694
1057750866
138400032
513698873
873308865
2019918577
299905010
1324625160
907124573
1810321194
1762532688
1005115474
1769039827
324966766
414972235
173241237
1553588573
723469416
1147716851
917011157
123460678
548409917
369729800
1364246118
694419181
1792376933
891766218
1098126166
1656692456
156780321
1432479213
69099641
294636100
1232737944
503516841
21246481
778298091
979028882
233584365
1259642394
1969573407
2084173264
2740147
1490608944
1276041762
1109666309
2027800431
33475614
1765710840
215562613
1563529889
1181843972
445720388
657459497
1387195274
934614820
1644503631
1770939084
870292219
1827910729
1890344
1725348134
1015528520
804254420
19630821
521370162
1146293852
138317156
576088071
583477469
1116013542
1172451617
1882005756
113383518
1766089905
1728502182
331106749
1867662124
1586917906
1925628296
1404813208
942626721
2032836730
322539911
941455880
1951183913
651630635
338630737
1524975552
660385062
1261915912
344028397
1073224135
636229220
1902194053
1518288330
1318690492
103983668
691687613
791465573
1555632187
1118079015
381557666
144999825
1243231320
1100653929
681470286
743464550
905295176
2125179063
523489913
1655958984
1828458784
1210862590
433035268
379874963
836273077
1432747410
240149681
1371350624
1669688481
839129863
1987852278
1782123767
1360647015
1554235312
724888550
1606369361
307219374
1593295025
1950476367
2076077896
821926826
758255811
323007715
1061946589
104310424
838690180
578239630
1455324710
1005534567
2145753209
400405478
386331858
29529972
909827489
1055077569
12879962
729044334
2112063926
1599029472
1103949766
491065433
869384707
911441352
1913658905
1011848878
1989021661
2072255409
552698715
1865456031
136147391
321026456
722474049
1473031287
890840070
688699503
2124341882
370382880
1991768901
1826492277
411217816
2068718782
191679046
729207712
1392870553
1173592953
507178398
1096827957
1991768082
1364615769
1469691628
1131368058
128478455
650851402
1162940846
2026543748
387134473
1030002494
1288002495
103502634
280173020
1645498993
1380846449
854932250
1367903108
236897992
538074435
1824112905
1692802012
828910419
1897980735
1577248006
108254066
526503922
1705668595
1157488872
21452050
408791059
823555849
2062198246
1673887982
1878032281
1773051269
1161060677
1046667367
804215768
1031852955
1575508524
589481082
211462845
611512875
1577294483
1233756362
164758027
1106802138
635762010
758500678
886395072
285905358
104340342
354056310
910460054
210531333
386372166
2030777447
1121764773
684275027
510557444
126036017
1594001957
366382838
2042645334
486117410
731505746
369037271
839614212
424007305
908233832
1082665824
415095493
1496330016
1487096014
1406409716
1174629426
1861238551
667448911
1604662031
1969160924
1789524921
819171971
1757925628
353486457
1284606397
1370868300
1682038317
1263582777
803309356
1510846076
888815674
203569975
81512937
1004556436
2033738873
19544074
390282466
417868199
1828952630
281796476
1052648914
693652830
1290507919
754420818
1912257968
823692052
1304370159
383759434
417637815
417808161
1456168741
1623478307
475554579
1268233780
1561224224
1227584214
1395305253
821044442
133180489
72802786
2007755379
764957979
658124925
212967621
984420399
1513770051
197279910
376275334
1880180834
1971866302
1479901941
1823992943
499707573
963618845
121760957
1223569625
994878428
561392949
1403530991
153932063
166989728
121089638
589672494
144333749
611481991
1414776825
105238158
1879409489
100401697
2063056547
514015982
569854023
314107634
632202790
378937327
1565861106
1608047351
341970967
777553552
1513901902
141499863
1100457146
1525926504
889078179
2111871911
203171849
74014591
2084035676
431488858
1016237268
237407176
603951862
1875395012
333830146
210204223
104609300
1363468105
1099347445
597544347
914164911
1014988326
1388954636
674816177
1464143466
602763099
633974850
1475388005
1388720387
513020980
838889715
223523661
1856428774
1923207795
2038232767
703081188
1891282140
157933852
458152583
1379695207
179893472
752080861
1486334357
1274635087
269368338
1848937239
969511384
825334636
806060485
1813274253
320163916
1437816987
1594676659
1212143784
570778488
492150308
1675240272
1547821156
954377233
138855858
916463675
2092150747
2128512444
1779457519
697069521
1917134188
809591281
1491867836
125251036
312524168
2082426619
2126979850
473248361
1442389785
997991707
663543896
256999607
885179534
678392781
1588044745
1243706187
2054876039
887310626
263561441
747525921
1325765914
1813302604
769256924
1235765244
717160640
1311495224
494211499
1765883871
1853467616
2049877846
1393440652
1401711508
1323859957
1248422260
1601028676
1580004969
1392867678
1312069320
1576769788
140549883
1635758274
2013020940
1392453557
1495631658
1589661981
1470224324
2030349674
1669321004
1917101164
569128091
2131431873
1098562493
1065615601
1775645675
1574378605
1061818228
788201763
1179235676
1031571491
137088817
1407324214
1582657700
175835958
863452595
959182146
424538732
861212625
147155526
1699325715
330188115
1307014609
2138085017
310071948
991095051
1252350013
451602349
1573592504
326228385
818966626
532804586
533516655
131893467
695619727
866902092
545665953
767871930
1090801770
517201594
773225538
285990431
474457326
1491533687
544206546
1093844618
1531756034
641689521
39666311
385172477
979936182
1343954743
968696602
831352831
963161372
1328334664
1358476331
1240637116
772836033
1562881159
786342226
1086347082
1196703431
760071690
2128274627
724213254
29047968
345854865
2057047709
279038749
347310697
287632595
1245279951
463865639
535780833
945812468
1836737447
216707053
483741444
57310484
1721028345
40634187
1379064392
1283120385
1161499624
1486728753
425888883
75510028
985296724
1887342019
2140328471
220746233
434167008
440856736
560989355
671400976
1174370974
1269804608
851701576
774723152
474430810
647850615
2017895677
901268163
1016094592
1332284182
192946895
1321910765
922326187
288269744
618125136
235021150
693283786
480135034
778488282
1420074343
714533361
383654220
879934313
696919529
1450575802
541295044
172243730
1797310025
1001347925
639698826
1760512036
678755455
1685150003
1237374381
1631960026
870177614
2024289611
2097144876
69489849
116767630
1372131080
1627121298
1883168140
1208184997
47428047
1829126840
1746766330
839193108
1151046704
1169191342
1304773313
21793837
512319400
1365920949
1562786705
1613711842
697363217
2146494563
780651655
483223993
447492519
601145321
2086545732
1066012637
845836471
1271403122
602288042
680888142
1621833190
1616016545
2133665843
990053431
1762641947
806664253
627962349
1349450080
849999114
286813161
160085014
1314394810
1788210526
987256076
1166135120
85722904
1176336770
1726178767
1856923776
422220541
1885171981
726782276
1427146569
613682832
97189576
853278628
1834902048
515780780
335862620
610092209
1910510092
954249492
1454721181
1795709498
1924171773
1628740547
898381677
2008137917
110247366
375146338
1076208206
443828262
397655223
1261895891
430360200
884351670
589804507
422747626
1335723507
978912255
1209399243
664684860
953670498
1673915915
1214670381
2099575055
2115890092
1907191453
1299990221
751510385
1318575448
954150543
1210606677
1236427108
1020346596
480761178
1558296236
2067714870
39744434
248668852
943200489
266680304
600115088
1171931220
955393267
1025886692
51304674
640511441
620687031
1042748009
100670830
1722960040
100006148
1898251940
534992324
1899663964
887840262
429645692
1793239880
1430615736
159630685
1188773551
1351935198
680293424
1158898137
2074432259
492616752
963848294
1103941844
1422314900
958135710
2041586376
859329836
1162844748
640187587
998571862
100239324
1415671154
67602337
1539189633
150026295
294148185
517284456
1519834927
984274368
2053289784
1896281576
1940108252
257973672
169929242
1477409424
2033140698
324363749
1849322220
736397858
1948031928
2054782955
1656550068
1312104949
848402369
1523305737
1425244129
1791803366
192391068
1451048547
1609445309
1541366748
1936880145
1391237768
1490091262
1902108663
995996395
837747375
2011075964
45269333
483906808
1695109523
269850878
1756019584
1693772333
569003496
84521773
2137006199
671990758
440093304
579281578
46370648
1708723532
912027103
849764155
778347431
1454926288
612072415
241086752
459804477
1484896723
1061657185
1031908228
196421839
1915537256
653405193
1920375823
1973000474
1691335985
1674869364
1529618840
1344434344
2035870054
1704167953
1286028280
1490325570
194670324
2140606873
343557882
1541598707
1554294465
297676588
677605998
656400564
2050364174
34346250
528050525
1045380281
190047990
187729898
1254488662
265398871
957105171
670279930
1209643751
1065238928
504590400
575284596
2120253479
1099306045
1920951672
1439598042
1039042160
1494085846
1450786269
841873102
977109547
1885685729
494018005
509773200
679879620
134594037
2069978703
1190816276
2091251900
745903210
149674276
399218879
855217116
1382003360
1311791512
1978430910
1398523527
1582741992
477319935
222176259
1383456041
1063595538
1831083900
316836317
807006412
1331911827
450373861
1530905907
1654620105
1521241171
1929149890
139749725
1363910555
1691721745
1396995188
1471905952
1305557455
639825268
73670259
1148513091
873129495
741075631
1854893488
251024978
1448547199
540316879
1067650585
1876075503
899175095
27971748
1827280187
1510555471
954643342
934770762
725862913
2003596888
1067206528
2021205843
1914627738
1663406806
1203108710
804181906
1282659961
1573850452
329456203
1047740550
750621302
260625309
1219554143
328106850
2114510098
1148206287
124058885
2087865781
1990967511
2124735768
1349504775
1716337851
1966297822
807226128
1149939177
778365759
1135860586
1503766707
112111963
1228059691
419931826
821109241
1673523143
490066862
214622140
234685204
942086411
1047408904
1848047461
1340565574
67422785
119388917
619067773
1101941084
1422724281
639819956
1475367439
1908507338
1280217608
429740466
1180345534
1456608868
2022727482
1849085400
1422096458
1083342263
380221730
721186926
769464370
813926402
1608729555
1137803178
587083380
585555412
1496147751
533424857
1113503600
438821955
812067452
1574388009
1753027051
1360878022
976345471
461605649
387763502
907126448
1228989472
877531229
109639502
925203274
442141605
33797337
123587975
805303691
1572146906
691615129
943313090
41494646
1076176742
1782984932
1098145846
463437584
1875757626
1276674747
1903696938
29758717
902708514
1900847113
1354855128
1725021879
1474999166
2044213864
820369774
1432099689
1400685578
1591678605
344871726
455060078
1631332824
664706898
387451061
1561689697
1556439648
1146838879
330813784
1365034976
575330990
662973299
430551210
1376653794
162954681
678520660
1128491546
908044722
466392532
719548241
282160313
270421128
1220416317
1900662897
538409242
1297405122
1327983059
781031738
709002066
1018118340
2145015781
288599327
1781494559
1188105577
1763969062
1506845831
2084733989
907836964
279322812
9855862
1640310867
761793720
1282437495
702296282
133983845
142138000
1676808991
1250211956
487067266
95198651
984869350
129106273
1916428037
170599304
1186700540
1609433925
1729860441
287253179
303379778
527377427
365872893
1014478697
1802679574
134908026
389379751
1580171893
271850317
2086322415
1393961349
430704295
1872716606
457178451
1893018782
353860966
1253520379
231182658
605708887
474021138
1461194907
1079718648
1680689170
221408000
279903155
1299513055
83915761
2145997587
52010979
580643257
1878518968
639065843
791621516
1220340582
747232720
119588589
1152535967
162516051
1947158888
593147495
513765777
1249582975
1620212406
1836137982
1192253547
1666814763
1984109148
1635519806
1835283709
1413177886
1720968933
541249021
795177266
690048914
822358894
639998804
1335947903
2044409790
676818529
1571532347
1966076789
453697281
1033835101
226621888
318022775
191646120
555713330
1918177508
517662085
183469660
1239316744
705515538
1345424182
1170502955
129088415
2099897405
1002815684
1790424369
185536432
1407642005
338770241
46695138
1841977459
1629780965
635765224
2052190455
108859194
1615344268
1543890831
387876339
899830586
1664098837
1246527800
1357113425
1369764714
157687158
669651398
865395532
1246819461
1538494690
1897173708
257076810
443561257
849473611
326064769
1026228454
2012344865
1626952567
975892176
1356799385
435621056
1821276606
1351464844
524852484
345576804
1632309086
1170235841
1764975580
174079002
669953658
374597157
542166386
1664903520
1228191157
1143227566
769570014
1385685253
1718791783
186263357
962438855
903737645
201628795
1912520056
1809589714
1488342897
1805136357
1832403893
1586596773
1415439907
842891202
1392166673
1080144023
1309668271
2008243981
1012914337
101393398
293502492
1934584571
1309737408
1456758516
1309097138
1925514997
1759243144
271121454
1069693366
1435273776
600066908
207527386
1389989457
476269290
353814177
2087308429
1676524175
1492050754
264314764
742766759
1371552642
1503242676
1088888086
316041308
320217479
1323562801
1148239885
1589345375
1105103008
289764567
1162180420
1518490925
1581577473
854805330
1345397995
2122908403
1737864614
856927694
1512761081
1515194908
98209569
498391704
1627567301
1485809275
2012745842
82135888
2004485044
969266962
1794642958
1160539853
1151124749
1522343037
104075010
637462157
1022570217
1684042750
1431957553
1799283159
1878647366
1857009958
787509689
1594413168
743776314
1383086108
673963636
479610613
1250746436
652728973
464678298
1367641819
1676327358
254671152
142571140
938081281
1852813934
67337204
1116135051
1761395183
786900029
2085917385
1143882511
1598005934
134024191
1780543752
877101460
332689731
739324784
808195456
2014339078
844759497
2087045184
1696975134
1576351517
1094369578
2053050949
462659128
143696091
53137018
2146638544
356964982
1472220467
1835536368
1313027866
1781978461
2009546436
448552321
1237747676
198079865
913822146
619281179
160145405
1203508775
6557430
514342011
470328422
45989884
1379462364
1533004971
1792300786
1633172950
483475690
886027036
1687658113
814102653
391594736
968282203
682507819
466952949
1175954586
615197811
1265012114
62415202
1016553235
595202272
1337664593
179811480
1043167428
1797621803
417237649
1361351743
603202874
579599655
35659962
1037222303
628670758
2140689350
2008191045
1904934158
961039485
740586904
1104099248
1999857651
1802380480
1713236962
850862987
1922547062
1414848854
1234944343
1044989616
1274293190
1582650389
487490934
812565392
1502099462
2042482655
455535487
832125095
388216533
911996777
2031951635
320610833
74875768
1354069527
1783269479
795443767
2123120551
1950360835
489249316
223028129
2045249009
1093680669
359195359
1681188336
365467852
1274765164
1752906800
669100003
1826371645
1889091699
91263345
565411990
1823729696
402070446
2008930325
1743329740
1714983189
958459451
441480098
952442209
182519303
2037632918
716037964
2002896866
1661900890
1105118077
175511344
138007096
40273072
1458276338
168893225
764478591
1238966872
203358559
356222291
1392108532
1626103637
1499006675
1730924058
274402829
1601024774
475361387
533297149
1596846755
1451774326
1567386060
529071333
693747531
1593772354
1531849420
1603467036
321416642
1855313443
97933360
361406444
1317078918
120443416
1716874896
355425749
1005670529
794218289
938654039
668384361
1195518688
1355056121
1127184359
234342344
1685399043
1640617089
1278997209
1062626740
71223949
442196485
1322869602
711779920
595088794
599993150
537898705
1830528634
1891415312
1589749571
1143740468
51002817
160413455
989160733
2121148954
119755269
975928962
178837990
1637497460
1959512746
1602186967
1748412316
24971925
1015528824
1127014603
951010951
56763737
1649086227
813765214
921672517
515292513
928604434
1420878822
25600879
2041376124
1308133309
722605120
1967194858
63921441
334651752
14077473
680778700
2016635672
496404838
906721418
638384872
1115168825
993657004
274979930
1006961400
924994637
1455064580
786682109
1454432358
88755985
116193258
1019265602
1106931639
991309656
2008660487
555516235
1323098260
675463760
77576263
1703867037
1124073335
1009304797
939934105
1710967640
295055342
324462881
768578627
1644605312
1823703439
1244133917
1990301151
2127635321
454093177
499930993
16240885
57598610
638929538
372255551
1827238454
590302392
799970818
219929646
289382227
1461697867
1101000507
939679114
1604591992
1737211149
1829657443
1917394825
1609956713
866197814
2145658960
1469022633
2144416567
267766182
515625920
1018677556
615546782
496357426
1342561601
1498529253
2019793150
362552095
480873667
1369910949
243401204
373580973
706172856
103596142
1168780181
486861258
843329253
1402833233
39731527
1856967144
32480969
632166802
1724618811
368673256
965430438
86750449
1751080074
1196108853
666434096
598121988
1096463851
2101743598
909957585
1452438975
994197007
1971943739
1981062551
540397846
715670169
999208129
1371556539
905070265
1125051581
494946352
1817213903
864048894
2048329844
1671094777
555637635
634302429
763479385
1730695709
1171014163
1013608212
1264020260
496500257
452099921
1842226283
342531008
1404920350
1179286346
1137669650
789536010
1542738164
333641624
1841260838
1943454760
1492370847
1300945732
1406103634
1947450500
160642978
2093781845
856523410
393938020
215188639
1395307002
485202963
1928861992
943431944
1986991695
1827351351
544369951
1445618160
778602191
1623919540
1499062533
1900139003
453462103
1000264156
1913068317
1118151540
67623891
1554008055
1508636135
697135485
518237319
460857292
366600319
1422172769
1597118716
1397291583
1642572434
2101140742
497082501
1410860820
2103301629
1358242686
1490132844
1633722065
69740548
1044825276
307930046
1624529090
1883034667
1246394211
1132725424
1939816214
768948916
211488698
364807853
924836647
1960432822
1818256060
417363453
167588823
1881311191
493094988
227361299
603985942
298204070
1092275846
1601127283
1748299647
910699159
170446897
2109191742
834222882
1822361756
1980973136
1867486043
1851510877
511293788
2008161496
602182212
586815459
73854994
1856313979
1579695466
309000926
1614852869
531774371
1925948230
284180529
319970463
1017750650
1906363902
1437678550
843011117
1196514854
1668533168
500028007
60446770
1796528914
1111470429
390525624
2097206376
1876897384
1728094837
1969866657
1602968916
1522796699
925533947
1321010137
1478232965
369797920
207403604
29608445
547688553
1257186620
904240306
140497585
1385004747
522275832
699240728
1230279389
1891623149
63831858
1204785673
1854358553
1590548029
586575310
169748177
1630785827
332239544
2065836809
297149295
1099745421
1724496344
338953965
1160592669
893163380
2104078139
796310497
1216421246
1512074858
192943826
1609933656
2102148707
611930741
1829691074
1611056042
1351645242
802552881
1739312346
2024712447
1346096404
272647952
1504061873
878418791
1812634193
1608716994
1417528156
1602020360
1144191723
9017520
1992630730
1473508207
1190642779
1445418913
722233020
573070087
1904093227
1747441535
865071971
40151975
1319609370
79144756
1287490967
1798400837
283282149
1605113519
1020550834
1627681736
343805880
71651075
1620035079
745417980
1941134897
1574865582
1234344194
1297298335
48490765
165302262
717753054
467148696
992328049
148156271
1254692349
1160657735
1706633431
1417914522
807985383
759897591
1762660243
852358824
2096642273
402799472
910496257
262317916
1970789417
1796643498
484595277
1914699278
1400040909
1221330331
1027706079
616449227
532057381
174203953
2084820321
60509594
1127295731
819532892
1950263918
432899546
18077205
1468412226
1734581720
1257348551
343497188
7920534
440094614
1595139611
976922669
429536515
766028105
1288086992
408266954
1341120706
770705513
1506331140
121841884
1402534731
958736
1781821942
1751794598
203266855
1927873379
115538221
321601289
1419529444
1528581529
1974223288
895579544
661003298
1294742697
1132535952
1146849367
1473305547
318811540
1832709657
432189973
412122976
432578892
512253127
1616754275
132347758
285455680
1046992862
1823049264
1449861919
961270405
288476242
612979714
281577708
706196898
1942838732
695300563
673622128
1136292088
442509774
84669062
98490200
1123576780
219798253
789293316
1333312375
1414072307
2058776125
726777592
1099863030
920959001
96218316
1532214563
1119331241
95547565
898136900
141786972
111521404
715128172
923713972
1549282856
1648335884
379938185
81710440
1609496562
315781458
503851126
1320955636
2066473959
1301476218
1081130322
484849232
311343216
2092787154
724393711
38293277
561352525
969274589
278515326
1833213702
688279883
660832392
1920489178
2093410369
1821504417
1810339700
281770606
82563637
694677741
1198626162
940332483
1005115958
1186863046
1060632333
923820201
1461931627
574122237
1854018624
791795713
766039249
945708917
1746768968
2063120934
1587683416
159816604
1262357652
1563877366
1610651179
1897368709
1911184602
48782464
2108802317
369840292
1283619395
1574038860
2016391391
1779345445
1184988102
661251393
7541822
334918377
415947155
666147895
1866259017
2017776670
1695478181
151260442
1350447744
1722725753
1380057978
949677239
1031454920
799278099
1117910239
665723686
926321547
1818796253
1794789860
1287926228
788097532
351379138
865802736
1369485356
2118898808
1343883352
1542327277
1986177250
250419464
1316751169
356467619
1507803612
1409357315
32433956
1686706723
237942973
808697040
1224216131
1524652889
1433951758
317898441
235185594
261948101
250272011
356640316
530795347
128766275
555261448
1798618507
1557186312
364916230
2051350910
434128499
73424406
207021219
657322422
1824629609
272104890
1413050953
1713602833
88257824
1713510283
1891939343
1232603890
424922664
737847667
1924720742
1174904136
1394720432
697994059
656020910
1870852283
1843501676
129743890
2034173924
1826052466
1319090833
1908607178
1586313080
237550207
1108712957
747046640
45288252
536282600
1239574901
863108246
697763705
47674195
1849420294
928772126
1741265948
1698838349
1365908364
550746517
1278239758
1475880247
1581077841
635539369
821872545
2047886797
844062413
1597712969
200086565
1987316820
308399756
302593240
1433811611
437351520
112211245
1935632909
1692764033
1794437695
213038726
1426346857
1206699468
1769062405
1001771749
1572554326
327180020
1008578869
1274430065
1368578265
295053865
1984845577
683402416
40085492
1951186083
1503125343
995943970
1095690651
1047407895